onset_div	duration_div	continuous_beats	pitch	tpc	step	alter	beat_float	downbeat	ts_beats	ts_beat_type	staff	voice	duration	is_note_onset	ks_fifths	mc	mc_playthrough	mn	mn_playthrough	octave	quarterbeats_playthrough	section_start	a_isOnset	cadence	cadence_type	cadence_subtype	phraseend	a_phraseend	unfolded_harmony_index	volta	label	globalkey	localkey	pedal	chord	numeral	form	figbass	changes	relativeroot	chord_type	globalkey_is_minor	localkey_is_minor	chord_tones	added_tones	root	bass_note	globalkey_mode	localkey_mode	localkey_resolved	localkey_and_mode	root_roman	relativeroot_resolved	effective_localkey	effective_localkey_resolved	effective_localkey_is_minor	chord_reduced	chord_reduced_and_mode	pedal_resolved	chord_and_mode	applied_to_numeral	numeral_or_applied_to_numeral	a_simpleNumeral	a_degree1	a_degree2	globalkey_tpc	localkey_tpc	tonicized_tpc	root_tpc	bass_note_tpc	a_root	a_bass	a_localKey	a_tonicizedKey	a_quality	a_inversion	valid_chord_label	valid_cadence_label	valid_phrase_label	valid_pedal_point_label	valid_section_start_label	sic_with_global	sic_with_local	sic_with_tonicized	tpc_is_in_label	tpc_is_root	tpc_is_bass
0	2	0.0	69	3	A	0	1.5	0	2	4	1	1	1/8	True	-1	1	1	0	0a	4	0	True	True				{	False	0		d.V{	d	i		V	V					M	True	True	(1, 5, 2)	()	1	1	minor	minor	i	i, minor	V		i	i	True	V	V, minor		V, minor		V	V	5		2	2	2	3	3	A	A	D	D	major triad	0	True	True	True	True	True	1	1	1	True	True	True
2	2	0.5	69	3	A	0	2.0	2	2	4	1	1	1/8	True	-1	1	1	0	0a	4	1/2	False	False					False	0		d.V{	d	i		V	V					M	True	True	(1, 5, 2)	()	1	1	minor	minor	i	i, minor	V		i	i	True	V	V, minor		V, minor		V	V	5		2	2	2	3	3	A	A	D	D	major triad	0	True	True	True	True	True	1	1	1	True	True	True
4	2	1.0	64	4	E	0	2.5	0	2	4	1	1	1/8	True	-1	1	1	0	0a	4	1	False	False					False	0		d.V{	d	i		V	V					M	True	True	(1, 5, 2)	()	1	1	minor	minor	i	i, minor	V		i	i	True	V	V, minor		V, minor		V	V	5		2	2	2	3	3	A	A	D	D	major triad	0	True	True	True	True	True	2	2	2	True	False	False
6	0	1.5	64	4	E	0	1.0	1	2	4	1	1	0	True	-1	2	2	1	1a	4	3/2	False	False					False	0		d.V{	d	i		V	V					M	True	True	(1, 5, 2)	()	1	1	minor	minor	i	i, minor	V		i	i	True	V	V, minor		V, minor		V	V	5		2	2	2	3	3	A	A	D	D	major triad	0	True	True	True	True	True	2	2	2	True	False	False
6	2	1.5	65	-1	F	0	1.0	1	2	4	1	1	1/8	True	-1	2	2	1	1a	4	3/2	False	False					False	0		d.V{	d	i		V	V					M	True	True	(1, 5, 2)	()	1	1	minor	minor	i	i, minor	V		i	i	True	V	V, minor		V, minor		V	V	5		2	2	2	3	3	A	A	D	D	major triad	0	True	True	True	True	True	-3	-3	-3	False	False	False
8	2	2.0	69	3	A	0	1.5	0	2	4	1	1	1/8	True	-1	2	2	1	1a	4	2	False	False					False	0		d.V{	d	i		V	V					M	True	True	(1, 5, 2)	()	1	1	minor	minor	i	i, minor	V		i	i	True	V	V, minor		V, minor		V	V	5		2	2	2	3	3	A	A	D	D	major triad	0	True	True	True	True	True	1	1	1	True	True	True
10	2	2.5	69	3	A	0	2.0	2	2	4	1	1	1/8	True	-1	2	2	1	1a	4	5/2	False	False					False	0		d.V{	d	i		V	V					M	True	True	(1, 5, 2)	()	1	1	minor	minor	i	i, minor	V		i	i	True	V	V, minor		V, minor		V	V	5		2	2	2	3	3	A	A	D	D	major triad	0	True	True	True	True	True	1	1	1	True	True	True
12	2	3.0	61	7	C	1	2.5	0	2	4	1	1	1/8	True	-1	2	2	1	1a	4	3	False	False					False	0		d.V{	d	i		V	V					M	True	True	(1, 5, 2)	()	1	1	minor	minor	i	i, minor	V		i	i	True	V	V, minor		V, minor		V	V	5		2	2	2	3	3	A	A	D	D	major triad	0	True	True	True	True	True	5	5	5	True	False	False
14	0	3.5	61	7	C	1	1.0	1	2	4	1	1	0	True	-1	3	3	2	2a	4	7/2	False	False					False	0		d.V{	d	i		V	V					M	True	True	(1, 5, 2)	()	1	1	minor	minor	i	i, minor	V		i	i	True	V	V, minor		V, minor		V	V	5		2	2	2	3	3	A	A	D	D	major triad	0	True	True	True	True	True	5	5	5	True	False	False
14	2	3.5	62	2	D	0	1.0	1	2	4	1	1	1/8	True	-1	3	3	2	2a	4	7/2	False	False					False	0		d.V{	d	i		V	V					M	True	True	(1, 5, 2)	()	1	1	minor	minor	i	i, minor	V		i	i	True	V	V, minor		V, minor		V	V	5		2	2	2	3	3	A	A	D	D	major triad	0	True	True	True	True	True	0	0	0	False	False	False
16	2	4.0	57	3	A	0	1.5	0	2	4	2	1	1/8	True	-1	3	3	2	2a	3	4	False	False					False	0		d.V{	d	i		V	V					M	True	True	(1, 5, 2)	()	1	1	minor	minor	i	i, minor	V		i	i	True	V	V, minor		V, minor		V	V	5		2	2	2	3	3	A	A	D	D	major triad	0	True	True	True	True	True	1	1	1	True	True	True
16	1	4.0	69	3	A	0	1.5	0	2	4	1	1	1/16	True	-1	3	3	2	2a	4	4	False	False					False	0		d.V{	d	i		V	V					M	True	True	(1, 5, 2)	()	1	1	minor	minor	i	i, minor	V		i	i	True	V	V, minor		V, minor		V	V	5		2	2	2	3	3	A	A	D	D	major triad	0	True	True	True	True	True	1	1	1	True	True	True
17	1	4.25	71	5	B	0	1.75	0	2	4	1	1	1/16	True	-1	3	3	2	2a	4	17/4	False	False					False	0		d.V{	d	i		V	V					M	True	True	(1, 5, 2)	()	1	1	minor	minor	i	i, minor	V		i	i	True	V	V, minor		V, minor		V	V	5		2	2	2	3	3	A	A	D	D	major triad	0	True	True	True	True	True	3	3	3	False	False	False
18	2	4.5	57	3	A	0	2.0	2	2	4	2	1	1/8	True	-1	3	3	2	2a	3	9/2	False	False					False	0		d.V{	d	i		V	V					M	True	True	(1, 5, 2)	()	1	1	minor	minor	i	i, minor	V		i	i	True	V	V, minor		V, minor		V	V	5		2	2	2	3	3	A	A	D	D	major triad	0	True	True	True	True	True	1	1	1	True	True	True
18	1	4.5	73	7	C	1	2.0	2	2	4	1	1	1/16	True	-1	3	3	2	2a	5	9/2	False	False					False	0		d.V{	d	i		V	V					M	True	True	(1, 5, 2)	()	1	1	minor	minor	i	i, minor	V		i	i	True	V	V, minor		V, minor		V	V	5		2	2	2	3	3	A	A	D	D	major triad	0	True	True	True	True	True	5	5	5	True	False	False
19	1	4.75	74	2	D	0	2.25	0	2	4	1	1	1/16	True	-1	3	3	2	2a	5	19/4	False	False					False	0		d.V{	d	i		V	V					M	True	True	(1, 5, 2)	()	1	1	minor	minor	i	i, minor	V		i	i	True	V	V, minor		V, minor		V	V	5		2	2	2	3	3	A	A	D	D	major triad	0	True	True	True	True	True	0	0	0	False	False	False
20	2	5.0	52	4	E	0	2.5	0	2	4	2	1	1/8	True	-1	3	3	2	2a	3	5	False	True					False	1		V43	d	i		V43	V		43			Mm7	True	True	(2, -1, 1, 5)	()	1	2	minor	minor	i	i, minor	V		i	i	True	V43	V43, minor		V43, minor		V	V7	5		2	2	2	3	4	A	E	D	D	dominant seventh chord	2	True	True	True	True	True	2	2	2	True	False	True
20	1	5.0	71	5	B	0	2.5	0	2	4	1	1	1/16	True	-1	3	3	2	2a	4	5	False	True					False	1		V43	d	i		V43	V		43			Mm7	True	True	(2, -1, 1, 5)	()	1	2	minor	minor	i	i, minor	V		i	i	True	V43	V43, minor		V43, minor		V	V7	5		2	2	2	3	4	A	E	D	D	dominant seventh chord	2	True	True	True	True	True	3	3	3	False	False	False
21	1	5.25	73	7	C	1	2.75	0	2	4	1	1	1/16	True	-1	3	3	2	2a	5	21/4	False	False					False	1		V43	d	i		V43	V		43			Mm7	True	True	(2, -1, 1, 5)	()	1	2	minor	minor	i	i, minor	V		i	i	True	V43	V43, minor		V43, minor		V	V7	5		2	2	2	3	4	A	E	D	D	dominant seventh chord	2	True	True	True	True	True	5	5	5	True	False	False
22	2	5.5	53	-1	F	0	1.0	1	2	4	2	1	1/8	True	-1	4	4	3	3a	3	11/2	False	True					False	2		i6	d	i		i6	i		6			m	True	True	(-3, 1, 0)	()	0	-3	minor	minor	i	i, minor	i		i	i	True	i6	i6, minor		i6, minor		i	i	1		2	2	2	2	-1	D	F	D	D	minor triad	1	True	True	True	True	True	-3	-3	-3	True	False	True
22	1	5.5	74	2	D	0	1.0	1	2	4	1	1	1/16	True	-1	4	4	3	3a	5	11/2	False	True					False	2		i6	d	i		i6	i		6			m	True	True	(-3, 1, 0)	()	0	-3	minor	minor	i	i, minor	i		i	i	True	i6	i6, minor		i6, minor		i	i	1		2	2	2	2	-1	D	F	D	D	minor triad	1	True	True	True	True	True	0	0	0	True	True	False
23	1	5.75	76	4	E	0	1.25	0	2	4	1	1	1/16	True	-1	4	4	3	3a	5	23/4	False	False					False	2		i6	d	i		i6	i		6			m	True	True	(-3, 1, 0)	()	0	-3	minor	minor	i	i, minor	i		i	i	True	i6	i6, minor		i6, minor		i	i	1		2	2	2	2	-1	D	F	D	D	minor triad	1	True	True	True	True	True	2	2	2	False	False	False
24	2	6.0	57	3	A	0	1.5	0	2	4	2	1	1/8	True	-1	4	4	3	3a	3	6	False	True					False	3		V	d	i		V	V					M	True	True	(1, 5, 2)	()	1	1	minor	minor	i	i, minor	V		i	i	True	V	V, minor		V, minor		V	V	5		2	2	2	3	3	A	A	D	D	major triad	0	True	True	True	True	True	1	1	1	True	True	True
24	1	6.0	73	7	C	1	1.5	0	2	4	1	1	1/16	True	-1	4	4	3	3a	5	6	False	True					False	3		V	d	i		V	V					M	True	True	(1, 5, 2)	()	1	1	minor	minor	i	i, minor	V		i	i	True	V	V, minor		V, minor		V	V	5		2	2	2	3	3	A	A	D	D	major triad	0	True	True	True	True	True	5	5	5	True	False	False
25	1	6.25	74	2	D	0	1.75	0	2	4	1	1	1/16	True	-1	4	4	3	3a	5	25/4	False	False					False	3		V	d	i		V	V					M	True	True	(1, 5, 2)	()	1	1	minor	minor	i	i, minor	V		i	i	True	V	V, minor		V, minor		V	V	5		2	2	2	3	3	A	A	D	D	major triad	0	True	True	True	True	True	0	0	0	False	False	False
26	2	6.5	57	3	A	0	2.0	2	2	4	2	1	1/8	True	-1	4	4	3	3a	3	13/2	False	False					False	3		V	d	i		V	V					M	True	True	(1, 5, 2)	()	1	1	minor	minor	i	i, minor	V		i	i	True	V	V, minor		V, minor		V	V	5		2	2	2	3	3	A	A	D	D	major triad	0	True	True	True	True	True	1	1	1	True	True	True
26	1	6.5	76	4	E	0	2.0	2	2	4	1	1	1/16	True	-1	4	4	3	3a	5	13/2	False	False					False	3		V	d	i		V	V					M	True	True	(1, 5, 2)	()	1	1	minor	minor	i	i, minor	V		i	i	True	V	V, minor		V, minor		V	V	5		2	2	2	3	3	A	A	D	D	major triad	0	True	True	True	True	True	2	2	2	True	False	False
27	1	6.75	77	-1	F	0	2.25	0	2	4	1	1	1/16	True	-1	4	4	3	3a	5	27/4	False	False					False	3		V	d	i		V	V					M	True	True	(1, 5, 2)	()	1	1	minor	minor	i	i, minor	V		i	i	True	V	V, minor		V, minor		V	V	5		2	2	2	3	3	A	A	D	D	major triad	0	True	True	True	True	True	-3	-3	-3	False	False	False
28	2	7.0	49	7	C	1	2.5	0	2	4	2	1	1/8	True	-1	4	4	3	3a	3	7	False	True					False	4		V65	d	i		V65	V		65			Mm7	True	True	(5, 2, -1, 1)	()	1	5	minor	minor	i	i, minor	V		i	i	True	V65	V65, minor		V65, minor		V	V7	5		2	2	2	3	7	A	C#	D	D	dominant seventh chord	1	True	True	True	True	True	5	5	5	True	False	True
28	1	7.0	74	2	D	0	2.5	0	2	4	1	1	1/16	True	-1	4	4	3	3a	5	7	False	True					False	4		V65	d	i		V65	V		65			Mm7	True	True	(5, 2, -1, 1)	()	1	5	minor	minor	i	i, minor	V		i	i	True	V65	V65, minor		V65, minor		V	V7	5		2	2	2	3	7	A	C#	D	D	dominant seventh chord	1	True	True	True	True	True	0	0	0	False	False	False
29	1	7.25	76	4	E	0	2.75	0	2	4	1	1	1/16	True	-1	4	4	3	3a	5	29/4	False	False					False	4		V65	d	i		V65	V		65			Mm7	True	True	(5, 2, -1, 1)	()	1	5	minor	minor	i	i, minor	V		i	i	True	V65	V65, minor		V65, minor		V	V7	5		2	2	2	3	7	A	C#	D	D	dominant seventh chord	1	True	True	True	True	True	2	2	2	True	False	False
30	2	7.5	50	2	D	0	1.0	1	2	4	2	1	1/8	True	-1	5	5	4	4a	3	15/2	False	True					False	5		i	d	i		i	i					m	True	True	(0, -3, 1)	()	0	0	minor	minor	i	i, minor	i		i	i	True	i	i, minor		i, minor		i	i	1		2	2	2	2	2	D	D	D	D	minor triad	0	True	True	True	True	True	0	0	0	True	True	True
30	2	7.5	77	-1	F	0	1.0	1	2	4	1	1	1/8	True	-1	5	5	4	4a	5	15/2	False	True					False	5		i	d	i		i	i					m	True	True	(0, -3, 1)	()	0	0	minor	minor	i	i, minor	i		i	i	True	i	i, minor		i, minor		i	i	1		2	2	2	2	2	D	D	D	D	minor triad	0	True	True	True	True	True	-3	-3	-3	True	False	False
32	2	8.0	62	2	D	0	1.5	0	2	4	2	1	1/8	True	-1	5	5	4	4a	4	8	False	False					False	5		i	d	i		i	i					m	True	True	(0, -3, 1)	()	0	0	minor	minor	i	i, minor	i		i	i	True	i	i, minor		i, minor		i	i	1		2	2	2	2	2	D	D	D	D	minor triad	0	True	True	True	True	True	0	0	0	True	True	True
32	1	8.0	77	-1	F	0	1.5	0	2	4	1	1	1/16	True	-1	5	5	4	4a	5	8	False	False					False	5		i	d	i		i	i					m	True	True	(0, -3, 1)	()	0	0	minor	minor	i	i, minor	i		i	i	True	i	i, minor		i, minor		i	i	1		2	2	2	2	2	D	D	D	D	minor triad	0	True	True	True	True	True	-3	-3	-3	True	False	False
33	1	8.25	76	4	E	0	1.75	0	2	4	1	1	1/16	True	-1	5	5	4	4a	5	33/4	False	False					False	5		i	d	i		i	i					m	True	True	(0, -3, 1)	()	0	0	minor	minor	i	i, minor	i		i	i	True	i	i, minor		i, minor		i	i	1		2	2	2	2	2	D	D	D	D	minor triad	0	True	True	True	True	True	2	2	2	False	False	False
34	2	8.5	62	2	D	0	2.0	2	2	4	2	1	1/8	True	-1	5	5	4	4a	4	17/2	False	False					False	5		i	d	i		i	i					m	True	True	(0, -3, 1)	()	0	0	minor	minor	i	i, minor	i		i	i	True	i	i, minor		i, minor		i	i	1		2	2	2	2	2	D	D	D	D	minor triad	0	True	True	True	True	True	0	0	0	True	True	True
34	2	8.5	77	-1	F	0	2.0	2	2	4	1	1	1/8	True	-1	5	5	4	4a	5	17/2	False	False					False	5		i	d	i		i	i					m	True	True	(0, -3, 1)	()	0	0	minor	minor	i	i, minor	i		i	i	True	i	i, minor		i, minor		i	i	1		2	2	2	2	2	D	D	D	D	minor triad	0	True	True	True	True	True	-3	-3	-3	True	False	False
36	2	9.0	57	3	A	0	2.5	0	2	4	2	1	1/8	True	-1	5	5	4	4a	3	9	False	True					False	6		III.I6	d	III		I6	I		6			M	True	False	(4, 1, 0)	()	0	4	minor	major	III	III, minor	I		III	III	False	I6	I6, major		I6, major		I	I	1		2	-1	-1	2	6	D	F#	F	F	major triad	1	True	True	True	True	True	1	4	4	True	False	True
36	2	9.0	72	0	C	0	2.5	0	2	4	1	1	1/8	True	-1	5	5	4	4a	5	9	False	True					False	6		III.I6	d	III		I6	I		6			M	True	False	(4, 1, 0)	()	0	4	minor	major	III	III, minor	I		III	III	False	I6	I6, major		I6, major		I	I	1		2	-1	-1	2	6	D	F#	F	F	major triad	1	True	True	True	True	True	-2	1	1	True	False	False
38	2	9.5	58	-2	B	-1	1.0	1	2	4	2	1	1/8	True	-1	6	6	5	5a	3	19/2	False	True					False	7		IV	d	III		IV	IV					M	True	False	(-1, 3, 0)	()	-1	-1	minor	major	III	III, minor	IV		III	III	False	IV	IV, major		IV, major		IV	IV	4		2	-1	-1	1	1	G	G	F	F	major triad	0	True	True	True	True	True	-4	-1	-1	True	True	True
38	2	9.5	74	2	D	0	1.0	1	2	4	1	1	1/8	True	-1	6	6	5	5a	5	19/2	False	True					False	7		IV	d	III		IV	IV					M	True	False	(-1, 3, 0)	()	-1	-1	minor	major	III	III, minor	IV		III	III	False	IV	IV, major		IV, major		IV	IV	4		2	-1	-1	1	1	G	G	F	F	major triad	0	True	True	True	True	True	0	3	3	True	False	False
40	1	10.0	58	-2	B	-1	1.5	0	2	4	2	1	1/16	True	-1	6	6	5	5a	3	10	False	False					False	7		IV	d	III		IV	IV					M	True	False	(-1, 3, 0)	()	-1	-1	minor	major	III	III, minor	IV		III	III	False	IV	IV, major		IV, major		IV	IV	4		2	-1	-1	1	1	G	G	F	F	major triad	0	True	True	True	True	True	-4	-1	-1	True	True	True
40	2	10.0	74	2	D	0	1.5	0	2	4	1	1	1/8	True	-1	6	6	5	5a	5	10	False	False					False	7		IV	d	III		IV	IV					M	True	False	(-1, 3, 0)	()	-1	-1	minor	major	III	III, minor	IV		III	III	False	IV	IV, major		IV, major		IV	IV	4		2	-1	-1	1	1	G	G	F	F	major triad	0	True	True	True	True	True	0	3	3	True	False	False
41	1	10.25	57	3	A	0	1.75	0	2	4	2	1	1/16	True	-1	6	6	5	5a	3	41/4	False	False					False	7		IV	d	III		IV	IV					M	True	False	(-1, 3, 0)	()	-1	-1	minor	major	III	III, minor	IV		III	III	False	IV	IV, major		IV, major		IV	IV	4		2	-1	-1	1	1	G	G	F	F	major triad	0	True	True	True	True	True	1	4	4	False	False	False
42	2	10.5	58	-2	B	-1	2.0	2	2	4	2	1	1/8	True	-1	6	6	5	5a	3	21/2	False	False					False	7		IV	d	III		IV	IV					M	True	False	(-1, 3, 0)	()	-1	-1	minor	major	III	III, minor	IV		III	III	False	IV	IV, major		IV, major		IV	IV	4		2	-1	-1	1	1	G	G	F	F	major triad	0	True	True	True	True	True	-4	-1	-1	True	True	True
42	2	10.5	74	2	D	0	2.0	2	2	4	1	1	1/8	True	-1	6	6	5	5a	5	21/2	False	False					False	7		IV	d	III		IV	IV					M	True	False	(-1, 3, 0)	()	-1	-1	minor	major	III	III, minor	IV		III	III	False	IV	IV, major		IV, major		IV	IV	4		2	-1	-1	1	1	G	G	F	F	major triad	0	True	True	True	True	True	0	3	3	True	False	False
44	2	11.0	46	-2	B	-1	2.5	0	2	4	2	1	1/8	True	-1	6	6	5	5a	2	11	False	False					False	7		IV	d	III		IV	IV					M	True	False	(-1, 3, 0)	()	-1	-1	minor	major	III	III, minor	IV		III	III	False	IV	IV, major		IV, major		IV	IV	4		2	-1	-1	1	1	G	G	F	F	major triad	0	True	True	True	True	True	-4	-1	-1	True	True	True
44	1	11.0	72	0	C	0	2.5	0	2	4	1	1	1/16	True	-1	6	6	5	5a	5	11	False	False					False	7		IV	d	III		IV	IV					M	True	False	(-1, 3, 0)	()	-1	-1	minor	major	III	III, minor	IV		III	III	False	IV	IV, major		IV, major		IV	IV	4		2	-1	-1	1	1	G	G	F	F	major triad	0	True	True	True	True	True	-2	1	1	False	False	False
45	1	11.25	70	-2	B	-1	2.75	0	2	4	1	1	1/16	True	-1	6	6	5	5a	4	45/4	False	False					False	7		IV	d	III		IV	IV					M	True	False	(-1, 3, 0)	()	-1	-1	minor	major	III	III, minor	IV		III	III	False	IV	IV, major		IV, major		IV	IV	4		2	-1	-1	1	1	G	G	F	F	major triad	0	True	True	True	True	True	-4	-1	-1	True	True	True
46	2	11.5	53	-1	F	0	1.0	1	2	4	2	1	1/8	True	-1	7	7	6	6a	3	23/2	False	True					False	8		I	d	III		I	I					M	True	False	(0, 4, 1)	()	0	0	minor	major	III	III, minor	I		III	III	False	I	I, major		I, major		I	I	1		2	-1	-1	2	2	D	D	F	F	major triad	0	True	True	True	True	True	-3	0	0	True	True	True
46	2	11.5	69	3	A	0	1.0	1	2	4	1	1	1/8	True	-1	7	7	6	6a	4	23/2	False	True					False	8		I	d	III		I	I					M	True	False	(0, 4, 1)	()	0	0	minor	major	III	III, minor	I		III	III	False	I	I, major		I, major		I	I	1		2	-1	-1	2	2	D	D	F	F	major triad	0	True	True	True	True	True	1	4	4	True	False	False
48	2	12.0	65	-1	F	0	1.5	0	2	4	2	1	1/8	True	-1	7	7	6	6a	4	12	False	False					False	8		I	d	III		I	I					M	True	False	(0, 4, 1)	()	0	0	minor	major	III	III, minor	I		III	III	False	I	I, major		I, major		I	I	1		2	-1	-1	2	2	D	D	F	F	major triad	0	True	True	True	True	True	-3	0	0	True	True	True
48	2	12.0	81	3	A	0	1.5	0	2	4	1	1	1/8	True	-1	7	7	6	6a	5	12	False	False					False	8		I	d	III		I	I					M	True	False	(0, 4, 1)	()	0	0	minor	major	III	III, minor	I		III	III	False	I	I, major		I, major		I	I	1		2	-1	-1	2	2	D	D	F	F	major triad	0	True	True	True	True	True	1	4	4	True	False	False
50	2	12.5	65	-1	F	0	2.0	2	2	4	2	1	1/8	True	-1	7	7	6	6a	4	25/2	False	False					False	8		I	d	III		I	I					M	True	False	(0, 4, 1)	()	0	0	minor	major	III	III, minor	I		III	III	False	I	I, major		I, major		I	I	1		2	-1	-1	2	2	D	D	F	F	major triad	0	True	True	True	True	True	-3	0	0	True	True	True
50	2	12.5	81	3	A	0	2.0	2	2	4	1	1	1/8	True	-1	7	7	6	6a	5	25/2	False	False					False	8		I	d	III		I	I					M	True	False	(0, 4, 1)	()	0	0	minor	major	III	III, minor	I		III	III	False	I	I, major		I, major		I	I	1		2	-1	-1	2	2	D	D	F	F	major triad	0	True	True	True	True	True	1	4	4	True	False	False
52	2	13.0	60	0	C	0	2.5	0	2	4	2	1	1/8	True	-1	7	7	6	6a	4	13	False	True					False	9		iii6	d	III		iii6	iii		6			m	True	False	(1, 5, 4)	()	4	1	minor	major	III	III, minor	iii		III	III	False	iii6	iii6, major		iii6, major		iii	iii	3		2	-1	-1	6	3	F#	A	F	F	minor triad	1	True	True	True	True	True	-2	1	1	True	False	True
52	2	13.0	84	0	C	0	2.5	0	2	4	1	1	1/8	True	-1	7	7	6	6a	6	13	False	True					False	9		iii6	d	III		iii6	iii		6			m	True	False	(1, 5, 4)	()	4	1	minor	major	III	III, minor	iii		III	III	False	iii6	iii6, major		iii6, major		iii	iii	3		2	-1	-1	6	3	F#	A	F	F	minor triad	1	True	True	True	True	True	-2	1	1	True	False	True
54	2	13.5	62	2	D	0	1.0	1	2	4	2	1	1/8	True	-1	8	8	7	7a	4	27/2	False	True					False	10		vi	d	III		vi	vi					m	True	False	(3, 0, 4)	()	3	3	minor	major	III	III, minor	vi		III	III	False	vi	vi, major		vi, major		vi	vi	6		2	-1	-1	5	5	B	B	F	F	minor triad	0	True	True	True	True	True	0	3	3	True	True	True
54	2	13.5	77	-1	F	0	1.0	1	2	4	1	1	1/8	True	-1	8	8	7	7a	5	27/2	False	True					False	10		vi	d	III		vi	vi					m	True	False	(3, 0, 4)	()	3	3	minor	major	III	III, minor	vi		III	III	False	vi	vi, major		vi, major		vi	vi	6		2	-1	-1	5	5	B	B	F	F	minor triad	0	True	True	True	True	True	-3	0	0	True	False	False
56	1	14.0	62	2	D	0	1.5	0	2	4	2	1	1/16	True	-1	8	8	7	7a	4	14	False	False					False	10		vi	d	III		vi	vi					m	True	False	(3, 0, 4)	()	3	3	minor	major	III	III, minor	vi		III	III	False	vi	vi, major		vi, major		vi	vi	6		2	-1	-1	5	5	B	B	F	F	minor triad	0	True	True	True	True	True	0	3	3	True	True	True
56	2	14.0	77	-1	F	0	1.5	0	2	4	1	1	1/8	True	-1	8	8	7	7a	5	14	False	False					False	10		vi	d	III		vi	vi					m	True	False	(3, 0, 4)	()	3	3	minor	major	III	III, minor	vi		III	III	False	vi	vi, major		vi, major		vi	vi	6		2	-1	-1	5	5	B	B	F	F	minor triad	0	True	True	True	True	True	-3	0	0	True	False	False
57	1	14.25	60	0	C	0	1.75	0	2	4	2	1	1/16	True	-1	8	8	7	7a	4	57/4	False	False					False	10		vi	d	III		vi	vi					m	True	False	(3, 0, 4)	()	3	3	minor	major	III	III, minor	vi		III	III	False	vi	vi, major		vi, major		vi	vi	6		2	-1	-1	5	5	B	B	F	F	minor triad	0	True	True	True	True	True	-2	1	1	False	False	False
58	2	14.5	62	2	D	0	2.0	2	2	4	2	1	1/8	True	-1	8	8	7	7a	4	29/2	False	False					False	10		vi	d	III		vi	vi					m	True	False	(3, 0, 4)	()	3	3	minor	major	III	III, minor	vi		III	III	False	vi	vi, major		vi, major		vi	vi	6		2	-1	-1	5	5	B	B	F	F	minor triad	0	True	True	True	True	True	0	3	3	True	True	True
58	2	14.5	77	-1	F	0	2.0	2	2	4	1	1	1/8	True	-1	8	8	7	7a	5	29/2	False	False					False	10		vi	d	III		vi	vi					m	True	False	(3, 0, 4)	()	3	3	minor	major	III	III, minor	vi		III	III	False	vi	vi, major		vi, major		vi	vi	6		2	-1	-1	5	5	B	B	F	F	minor triad	0	True	True	True	True	True	-3	0	0	True	False	False
60	2	15.0	57	3	A	0	2.5	0	2	4	2	1	1/8	True	-1	8	8	7	7a	3	15	False	True					False	11		I6	d	III		I6	I		6			M	True	False	(4, 1, 0)	()	0	4	minor	major	III	III, minor	I		III	III	False	I6	I6, major		I6, major		I	I	1		2	-1	-1	2	6	D	F#	F	F	major triad	1	True	True	True	True	True	1	4	4	True	False	True
60	2	15.0	81	3	A	0	2.5	0	2	4	1	1	1/8	True	-1	8	8	7	7a	5	15	False	True					False	11		I6	d	III		I6	I		6			M	True	False	(4, 1, 0)	()	0	4	minor	major	III	III, minor	I		III	III	False	I6	I6, major		I6, major		I	I	1		2	-1	-1	2	6	D	F#	F	F	major triad	1	True	True	True	True	True	1	4	4	True	False	True
62	2	15.5	58	-2	B	-1	1.0	1	2	4	2	1	1/8	True	-1	9	9	8	8a	3	31/2	False	True					False	12		IV	d	III		IV	IV					M	True	False	(-1, 3, 0)	()	-1	-1	minor	major	III	III, minor	IV		III	III	False	IV	IV, major		IV, major		IV	IV	4		2	-1	-1	1	1	G	G	F	F	major triad	0	True	True	True	True	True	-4	-1	-1	True	True	True
62	2	15.5	74	2	D	0	1.0	1	2	4	1	1	1/8	True	-1	9	9	8	8a	5	31/2	False	True					False	12		IV	d	III		IV	IV					M	True	False	(-1, 3, 0)	()	-1	-1	minor	major	III	III, minor	IV		III	III	False	IV	IV, major		IV, major		IV	IV	4		2	-1	-1	1	1	G	G	F	F	major triad	0	True	True	True	True	True	0	3	3	True	False	False
64	1	16.0	62	2	D	0	1.5	0	2	4	2	1	1/16	True	-1	9	9	8	8a	4	16	False	False					False	12		IV	d	III		IV	IV					M	True	False	(-1, 3, 0)	()	-1	-1	minor	major	III	III, minor	IV		III	III	False	IV	IV, major		IV, major		IV	IV	4		2	-1	-1	1	1	G	G	F	F	major triad	0	True	True	True	True	True	0	3	3	True	False	False
64	1	16.0	77	-1	F	0	1.5	0	2	4	1	1	1/16	True	-1	9	9	8	8a	5	16	False	False					False	12		IV	d	III		IV	IV					M	True	False	(-1, 3, 0)	()	-1	-1	minor	major	III	III, minor	IV		III	III	False	IV	IV, major		IV, major		IV	IV	4		2	-1	-1	1	1	G	G	F	F	major triad	0	True	True	True	True	True	-3	0	0	True	False	False
65	1	16.25	60	0	C	0	1.75	0	2	4	2	1	1/16	True	-1	9	9	8	8a	4	65/4	False	False					False	12		IV	d	III		IV	IV					M	True	False	(-1, 3, 0)	()	-1	-1	minor	major	III	III, minor	IV		III	III	False	IV	IV, major		IV, major		IV	IV	4		2	-1	-1	1	1	G	G	F	F	major triad	0	True	True	True	True	True	-2	1	1	False	False	False
65	1	16.25	76	4	E	0	1.75	0	2	4	1	1	1/16	True	-1	9	9	8	8a	5	65/4	False	False					False	12		IV	d	III		IV	IV					M	True	False	(-1, 3, 0)	()	-1	-1	minor	major	III	III, minor	IV		III	III	False	IV	IV, major		IV, major		IV	IV	4		2	-1	-1	1	1	G	G	F	F	major triad	0	True	True	True	True	True	2	5	5	False	False	False
66	1	16.5	58	-2	B	-1	2.0	2	2	4	2	1	1/16	True	-1	9	9	8	8a	3	33/2	False	False					False	12		IV	d	III		IV	IV					M	True	False	(-1, 3, 0)	()	-1	-1	minor	major	III	III, minor	IV		III	III	False	IV	IV, major		IV, major		IV	IV	4		2	-1	-1	1	1	G	G	F	F	major triad	0	True	True	True	True	True	-4	-1	-1	True	True	True
66	1	16.5	74	2	D	0	2.0	2	2	4	1	1	1/16	True	-1	9	9	8	8a	5	33/2	False	False					False	12		IV	d	III		IV	IV					M	True	False	(-1, 3, 0)	()	-1	-1	minor	major	III	III, minor	IV		III	III	False	IV	IV, major		IV, major		IV	IV	4		2	-1	-1	1	1	G	G	F	F	major triad	0	True	True	True	True	True	0	3	3	True	False	False
67	1	16.75	57	3	A	0	2.25	0	2	4	2	1	1/16	True	-1	9	9	8	8a	3	67/4	False	False					False	12		IV	d	III		IV	IV					M	True	False	(-1, 3, 0)	()	-1	-1	minor	major	III	III, minor	IV		III	III	False	IV	IV, major		IV, major		IV	IV	4		2	-1	-1	1	1	G	G	F	F	major triad	0	True	True	True	True	True	1	4	4	False	False	False
67	1	16.75	72	0	C	0	2.25	0	2	4	1	1	1/16	True	-1	9	9	8	8a	5	67/4	False	False					False	12		IV	d	III		IV	IV					M	True	False	(-1, 3, 0)	()	-1	-1	minor	major	III	III, minor	IV		III	III	False	IV	IV, major		IV, major		IV	IV	4		2	-1	-1	1	1	G	G	F	F	major triad	0	True	True	True	True	True	-2	1	1	False	False	False
68	1	17.0	55	1	G	0	2.5	0	2	4	2	1	1/16	True	-1	9	9	8	8a	3	17	False	False					False	12		IV	d	III		IV	IV					M	True	False	(-1, 3, 0)	()	-1	-1	minor	major	III	III, minor	IV		III	III	False	IV	IV, major		IV, major		IV	IV	4		2	-1	-1	1	1	G	G	F	F	major triad	0	True	True	True	True	True	-1	2	2	False	False	False
68	1	17.0	70	-2	B	-1	2.5	0	2	4	1	1	1/16	True	-1	9	9	8	8a	4	17	False	False					False	12		IV	d	III		IV	IV					M	True	False	(-1, 3, 0)	()	-1	-1	minor	major	III	III, minor	IV		III	III	False	IV	IV, major		IV, major		IV	IV	4		2	-1	-1	1	1	G	G	F	F	major triad	0	True	True	True	True	True	-4	-1	-1	True	True	True
69	1	17.25	53	-1	F	0	2.75	0	2	4	2	1	1/16	True	-1	9	9	8	8a	3	69/4	False	False					False	12		IV	d	III		IV	IV					M	True	False	(-1, 3, 0)	()	-1	-1	minor	major	III	III, minor	IV		III	III	False	IV	IV, major		IV, major		IV	IV	4		2	-1	-1	1	1	G	G	F	F	major triad	0	True	True	True	True	True	-3	0	0	True	False	False
69	1	17.25	69	3	A	0	2.75	0	2	4	1	1	1/16	True	-1	9	9	8	8a	4	69/4	False	False					False	12		IV	d	III		IV	IV					M	True	False	(-1, 3, 0)	()	-1	-1	minor	major	III	III, minor	IV		III	III	False	IV	IV, major		IV, major		IV	IV	4		2	-1	-1	1	1	G	G	F	F	major triad	0	True	True	True	True	True	1	4	4	False	False	False
70	2	17.5	52	4	E	0	1.0	1	2	4	2	1	1/8	True	-1	10	10	9	9a	3	35/2	False	True					False	13		V65	d	III		V65	V		65			Mm7	True	False	(5, 2, -1, 1)	()	1	5	minor	major	III	III, minor	V		III	III	False	V65	V65, major		V65, major		V	V7	5		2	-1	-1	3	7	A	C#	F	F	dominant seventh chord	1	True	True	True	True	True	2	5	5	True	False	True
70	2	17.5	67	1	G	0	1.0	1	2	4	1	1	1/8	True	-1	10	10	9	9a	4	35/2	False	True					False	13		V65	d	III		V65	V		65			Mm7	True	False	(5, 2, -1, 1)	()	1	5	minor	major	III	III, minor	V		III	III	False	V65	V65, major		V65, major		V	V7	5		2	-1	-1	3	7	A	C#	F	F	dominant seventh chord	1	True	True	True	True	True	-1	2	2	True	False	False
72	2	18.0	53	-1	F	0	1.5	0	2	4	2	1	1/8	True	-1	10	10	9	9a	3	18	False	True					False	14		I	d	III		I	I					M	True	False	(0, 4, 1)	()	0	0	minor	major	III	III, minor	I		III	III	False	I	I, major		I, major		I	I	1		2	-1	-1	2	2	D	D	F	F	major triad	0	True	True	True	True	True	-3	0	0	True	True	True
72	2	18.0	69	3	A	0	1.5	0	2	4	1	1	1/8	True	-1	10	10	9	9a	4	18	False	True					False	14		I	d	III		I	I					M	True	False	(0, 4, 1)	()	0	0	minor	major	III	III, minor	I		III	III	False	I	I, major		I, major		I	I	1		2	-1	-1	2	2	D	D	F	F	major triad	0	True	True	True	True	True	1	4	4	True	False	False
74	2	18.5	48	0	C	0	2.0	2	2	4	2	1	1/8	True	-1	10	10	9	9a	3	37/2	False	True					False	15		V	d	III		V	V					M	True	False	(1, 5, 2)	()	1	1	minor	major	III	III, minor	V		III	III	False	V	V, major		V, major		V	V	5		2	-1	-1	3	3	A	A	F	F	major triad	0	True	True	True	True	True	-2	1	1	True	True	True
74	3	18.5	67	1	G	0	2.0	2	2	4	1	1	3/16	True	-1	10	10	9	9a	4	37/2	False	True					False	15		V	d	III		V	V					M	True	False	(1, 5, 2)	()	1	1	minor	major	III	III, minor	V		III	III	False	V	V, major		V, major		V	V	5		2	-1	-1	3	3	A	A	F	F	major triad	0	True	True	True	True	True	-1	2	2	True	False	False
76	2	19.0	36	0	C	0	2.5	0	2	4	2	1	1/8	True	-1	10	10	9	9a	2	19	False	False					False	15		V	d	III		V	V					M	True	False	(1, 5, 2)	()	1	1	minor	major	III	III, minor	V		III	III	False	V	V, major		V, major		V	V	5		2	-1	-1	3	3	A	A	F	F	major triad	0	True	True	True	True	True	-2	1	1	True	True	True
77	1	19.25	65	-1	F	0	2.75	0	2	4	1	1	1/16	True	-1	10	10	9	9a	4	77/4	False	True					False	16		V7	d	III		V7	V		7			Mm7	True	False	(1, 5, 2, -1)	()	1	1	minor	major	III	III, minor	V		III	III	False	V7	V7, major		V7, major		V	V7	5		2	-1	-1	3	3	A	A	F	F	dominant seventh chord	7	True	True	True	True	True	-3	0	0	False	False	False
78	2	19.5	41	-1	F	0	1.0	1	2	4	2	1	1/8	True	-1	11	11	10	10a	2	39/2	False	True	PAC	PAC		}	True	17		I|PAC}	d	III		I	I					M	True	False	(0, 4, 1)	()	0	0	minor	major	III	III, minor	I		III	III	False	I	I, major		I, major		I	I	1		2	-1	-1	2	2	D	D	F	F	major triad	0	True	True	True	True	True	-3	0	0	True	True	True
78	2	19.5	57	3	A	0	1.0	1	2	4	1	1	1/8	True	-1	11	11	10	10a	3	39/2	False	True	PAC	PAC		}	True	17		I|PAC}	d	III		I	I					M	True	False	(0, 4, 1)	()	0	0	minor	major	III	III, minor	I		III	III	False	I	I, major		I, major		I	I	1		2	-1	-1	2	2	D	D	F	F	major triad	0	True	True	True	True	True	1	4	4	True	False	False
78	2	19.5	60	0	C	0	1.0	1	2	4	1	1	1/8	True	-1	11	11	10	10a	4	39/2	False	True	PAC	PAC		}	True	17		I|PAC}	d	III		I	I					M	True	False	(0, 4, 1)	()	0	0	minor	major	III	III, minor	I		III	III	False	I	I, major		I, major		I	I	1		2	-1	-1	2	2	D	D	F	F	major triad	0	True	True	True	True	True	-2	1	1	True	False	False
78	2	19.5	65	-1	F	0	1.0	1	2	4	1	1	1/8	True	-1	11	11	10	10a	4	39/2	False	True	PAC	PAC		}	True	17		I|PAC}	d	III		I	I					M	True	False	(0, 4, 1)	()	0	0	minor	major	III	III, minor	I		III	III	False	I	I, major		I, major		I	I	1		2	-1	-1	2	2	D	D	F	F	major triad	0	True	True	True	True	True	-3	0	0	True	True	True
80	1	20.0	53	-1	F	0	1.5	0	2	4	2	1	1/16	True	-1	11	11	10	10a	3	20	False	False				{	False	18		{	d	III		I	I					M	True	False	()	()	0	0	minor	major	III	III, minor	I		III	III	False		, major		I, major		I	I	1		2	-1	-1	2	2	D	D	F	F	None	0	False	True	True	True	True	-3	0	0	False	True	True
80	2	20.0	72	0	C	0	1.5	0	2	4	1	1	1/8	True	-1	11	11	10	10a	5	20	False	False				{	False	18		{	d	III		I	I					M	True	False	()	()	0	0	minor	major	III	III, minor	I		III	III	False		, major		I, major		I	I	1		2	-1	-1	2	2	D	D	F	F	None	0	False	True	True	True	True	-2	1	1	False	False	False
81	1	20.25	52	4	E	0	1.75	0	2	4	2	1	1/16	True	-1	11	11	10	10a	3	81/4	False	False					False	18		{	d	III		I	I					M	True	False	()	()	0	0	minor	major	III	III, minor	I		III	III	False		, major		I, major		I	I	1		2	-1	-1	2	2	D	D	F	F	None	0	False	True	True	True	True	2	5	5	False	False	False
82	2	20.5	53	-1	F	0	2.0	2	2	4	2	1	1/8	True	-1	11	11	10	10a	3	41/2	False	False					False	18		{	d	III		I	I					M	True	False	()	()	0	0	minor	major	III	III, minor	I		III	III	False		, major		I, major		I	I	1		2	-1	-1	2	2	D	D	F	F	None	0	False	True	True	True	True	-3	0	0	False	True	True
82	2	20.5	72	0	C	0	2.0	2	2	4	1	1	1/8	True	-1	11	11	10	10a	5	41/2	False	False					False	18		{	d	III		I	I					M	True	False	()	()	0	0	minor	major	III	III, minor	I		III	III	False		, major		I, major		I	I	1		2	-1	-1	2	2	D	D	F	F	None	0	False	True	True	True	True	-2	1	1	False	False	False
84	2	21.0	52	4	E	0	2.5	0	2	4	2	1	1/8	True	-1	11	11	10	10a	3	21	False	True					False	19		iv.IV6	d	iv		IV6	IV		6			M	True	True	(3, 0, -1)	()	-1	3	minor	minor	iv	iv, minor	IV		iv	iv	True	IV6	IV6, minor		IV6, minor		IV	IV	4		2	1	1	1	5	G	B	G	G	major triad	1	True	True	True	True	True	2	3	3	True	False	True
84	2	21.0	67	1	G	0	2.5	0	2	4	1	1	1/8	True	-1	11	11	10	10a	4	21	False	True					False	19		iv.IV6	d	iv		IV6	IV		6			M	True	True	(3, 0, -1)	()	-1	3	minor	minor	iv	iv, minor	IV		iv	iv	True	IV6	IV6, minor		IV6, minor		IV	IV	4		2	1	1	1	5	G	B	G	G	major triad	1	True	True	True	True	True	-1	0	0	True	False	False
86	2	21.5	50	2	D	0	1.0	1	2	4	2	1	1/8	True	-1	12	12	11	11a	3	43/2	False	True					False	20		V7	d	iv		V7	V		7			Mm7	True	True	(1, 5, 2, -1)	()	1	1	minor	minor	iv	iv, minor	V		iv	iv	True	V7	V7, minor		V7, minor		V	V7	5		2	1	1	3	3	A	A	G	G	dominant seventh chord	7	True	True	True	True	True	0	1	1	True	True	True
86	2	21.5	66	6	F	1	1.0	1	2	4	1	1	1/8	True	-1	12	12	11	11a	4	43/2	False	True					False	20		V7	d	iv		V7	V		7			Mm7	True	True	(1, 5, 2, -1)	()	1	1	minor	minor	iv	iv, minor	V		iv	iv	True	V7	V7, minor		V7, minor		V	V7	5		2	1	1	3	3	A	A	G	G	dominant seventh chord	7	True	True	True	True	True	4	5	5	True	False	False
88	2	22.0	52	4	E	0	1.5	0	2	4	2	1	1/8	True	-1	12	12	11	11a	3	22	False	False					False	20		V7	d	iv		V7	V		7			Mm7	True	True	(1, 5, 2, -1)	()	1	1	minor	minor	iv	iv, minor	V		iv	iv	True	V7	V7, minor		V7, minor		V	V7	5		2	1	1	3	3	A	A	G	G	dominant seventh chord	7	True	True	True	True	True	2	3	3	False	False	False
88	1	22.0	74	2	D	0	1.5	0	2	4	1	1	1/16	True	-1	12	12	11	11a	5	22	False	False					False	20		V7	d	iv		V7	V		7			Mm7	True	True	(1, 5, 2, -1)	()	1	1	minor	minor	iv	iv, minor	V		iv	iv	True	V7	V7, minor		V7, minor		V	V7	5		2	1	1	3	3	A	A	G	G	dominant seventh chord	7	True	True	True	True	True	0	1	1	True	True	True
89	1	22.25	72	0	C	0	1.75	0	2	4	1	1	1/16	True	-1	12	12	11	11a	5	89/4	False	False					False	20		V7	d	iv		V7	V		7			Mm7	True	True	(1, 5, 2, -1)	()	1	1	minor	minor	iv	iv, minor	V		iv	iv	True	V7	V7, minor		V7, minor		V	V7	5		2	1	1	3	3	A	A	G	G	dominant seventh chord	7	True	True	True	True	True	-2	-1	-1	True	False	False
90	2	22.5	54	6	F	1	2.0	2	2	4	2	1	1/8	True	-1	12	12	11	11a	3	45/2	False	True					False	21		V65	d	iv		V65	V		65			Mm7	True	True	(5, 2, -1, 1)	()	1	5	minor	minor	iv	iv, minor	V		iv	iv	True	V65	V65, minor		V65, minor		V	V7	5		2	1	1	3	7	A	C#	G	G	dominant seventh chord	1	True	True	True	True	True	4	5	5	True	False	True
90	1	22.5	74	2	D	0	2.0	2	2	4	1	1	1/16	True	-1	12	12	11	11a	5	45/2	False	True					False	21		V65	d	iv		V65	V		65			Mm7	True	True	(5, 2, -1, 1)	()	1	5	minor	minor	iv	iv, minor	V		iv	iv	True	V65	V65, minor		V65, minor		V	V7	5		2	1	1	3	7	A	C#	G	G	dominant seventh chord	1	True	True	True	True	True	0	1	1	True	True	False
91	1	22.75	72	0	C	0	2.25	0	2	4	1	1	1/16	True	-1	12	12	11	11a	5	91/4	False	False					False	21		V65	d	iv		V65	V		65			Mm7	True	True	(5, 2, -1, 1)	()	1	5	minor	minor	iv	iv, minor	V		iv	iv	True	V65	V65, minor		V65, minor		V	V7	5		2	1	1	3	7	A	C#	G	G	dominant seventh chord	1	True	True	True	True	True	-2	-1	-1	True	False	False
92	2	23.0	50	2	D	0	2.5	0	2	4	2	1	1/8	True	-1	12	12	11	11a	3	23	False	False					False	21		V65	d	iv		V65	V		65			Mm7	True	True	(5, 2, -1, 1)	()	1	5	minor	minor	iv	iv, minor	V		iv	iv	True	V65	V65, minor		V65, minor		V	V7	5		2	1	1	3	7	A	C#	G	G	dominant seventh chord	1	True	True	True	True	True	0	1	1	True	True	False
92	1	23.0	70	-2	B	-1	2.5	0	2	4	1	1	1/16	True	-1	12	12	11	11a	4	23	False	False					False	21		V65	d	iv		V65	V		65			Mm7	True	True	(5, 2, -1, 1)	()	1	5	minor	minor	iv	iv, minor	V		iv	iv	True	V65	V65, minor		V65, minor		V	V7	5		2	1	1	3	7	A	C#	G	G	dominant seventh chord	1	True	True	True	True	True	-4	-3	-3	False	False	False
93	1	23.25	69	3	A	0	2.75	0	2	4	1	1	1/16	True	-1	12	12	11	11a	4	93/4	False	False					False	21		V65	d	iv		V65	V		65			Mm7	True	True	(5, 2, -1, 1)	()	1	5	minor	minor	iv	iv, minor	V		iv	iv	True	V65	V65, minor		V65, minor		V	V7	5		2	1	1	3	7	A	C#	G	G	dominant seventh chord	1	True	True	True	True	True	1	2	2	True	False	False
94	0	23.5	69	3	A	0	1.0	1	2	4	1	1	0	True	-1	13	13	12	12a	4	47/2	False	True					False	22		i	d	iv		i	i					m	True	True	(0, -3, 1)	()	0	0	minor	minor	iv	iv, minor	i		iv	iv	True	i	i, minor		i, minor		i	i	1		2	1	1	2	2	D	D	G	G	minor triad	0	True	True	True	True	True	1	2	2	False	False	False
94	2	23.5	55	1	G	0	1.0	1	2	4	2	1	1/8	True	-1	13	13	12	12a	3	47/2	False	True					False	22		i	d	iv		i	i					m	True	True	(0, -3, 1)	()	0	0	minor	minor	iv	iv, minor	i		iv	iv	True	i	i, minor		i, minor		i	i	1		2	1	1	2	2	D	D	G	G	minor triad	0	True	True	True	True	True	-1	0	0	True	True	True
94	2	23.5	70	-2	B	-1	1.0	1	2	4	1	1	1/8	True	-1	13	13	12	12a	4	47/2	False	True					False	22		i	d	iv		i	i					m	True	True	(0, -3, 1)	()	0	0	minor	minor	iv	iv, minor	i		iv	iv	True	i	i, minor		i, minor		i	i	1		2	1	1	2	2	D	D	G	G	minor triad	0	True	True	True	True	True	-4	-3	-3	True	False	False
96	1	24.0	55	1	G	0	1.5	0	2	4	2	1	1/16	True	-1	13	13	12	12a	3	24	False	False					False	22		i	d	iv		i	i					m	True	True	(0, -3, 1)	()	0	0	minor	minor	iv	iv, minor	i		iv	iv	True	i	i, minor		i, minor		i	i	1		2	1	1	2	2	D	D	G	G	minor triad	0	True	True	True	True	True	-1	0	0	True	True	True
96	2	24.0	74	2	D	0	1.5	0	2	4	1	1	1/8	True	-1	13	13	12	12a	5	24	False	False					False	22		i	d	iv		i	i					m	True	True	(0, -3, 1)	()	0	0	minor	minor	iv	iv, minor	i		iv	iv	True	i	i, minor		i, minor		i	i	1		2	1	1	2	2	D	D	G	G	minor triad	0	True	True	True	True	True	0	1	1	True	False	False
97	1	24.25	53	-1	F	0	1.75	0	2	4	2	1	1/16	True	-1	13	13	12	12a	3	97/4	False	False					False	22		i	d	iv		i	i					m	True	True	(0, -3, 1)	()	0	0	minor	minor	iv	iv, minor	i		iv	iv	True	i	i, minor		i, minor		i	i	1		2	1	1	2	2	D	D	G	G	minor triad	0	True	True	True	True	True	-3	-2	-2	False	False	False
98	2	24.5	55	1	G	0	2.0	2	2	4	2	1	1/8	True	-1	13	13	12	12a	3	49/2	False	False					False	22		i	d	iv		i	i					m	True	True	(0, -3, 1)	()	0	0	minor	minor	iv	iv, minor	i		iv	iv	True	i	i, minor		i, minor		i	i	1		2	1	1	2	2	D	D	G	G	minor triad	0	True	True	True	True	True	-1	0	0	True	True	True
98	2	24.5	74	2	D	0	2.0	2	2	4	1	1	1/8	True	-1	13	13	12	12a	5	49/2	False	False					False	22		i	d	iv		i	i					m	True	True	(0, -3, 1)	()	0	0	minor	minor	iv	iv, minor	i		iv	iv	True	i	i, minor		i, minor		i	i	1		2	1	1	2	2	D	D	G	G	minor triad	0	True	True	True	True	True	0	1	1	True	False	False
100	2	25.0	53	-1	F	0	2.5	0	2	4	2	1	1/8	True	-1	13	13	12	12a	3	25	False	True					False	23		v.iv6	d	v		iv6	iv		6			m	True	True	(-4, 0, -1)	()	-1	-4	minor	minor	v	v, minor	iv		v	v	True	iv6	iv6, minor		iv6, minor		iv	iv	4		2	3	3	1	-2	G	Bb	A	A	minor triad	1	True	True	True	True	True	-3	-4	-4	True	False	True
100	2	25.0	69	3	A	0	2.5	0	2	4	1	1	1/8	True	-1	13	13	12	12a	4	25	False	True					False	23		v.iv6	d	v		iv6	iv		6			m	True	True	(-4, 0, -1)	()	-1	-4	minor	minor	v	v, minor	iv		v	v	True	iv6	iv6, minor		iv6, minor		iv	iv	4		2	3	3	1	-2	G	Bb	A	A	minor triad	1	True	True	True	True	True	1	0	0	True	False	False
102	2	25.5	52	4	E	0	1.0	1	2	4	2	1	1/8	True	-1	14	14	13	13a	3	51/2	False	True					False	24		V7	d	v		V7	V		7			Mm7	True	True	(1, 5, 2, -1)	()	1	1	minor	minor	v	v, minor	V		v	v	True	V7	V7, minor		V7, minor		V	V7	5		2	3	3	3	3	A	A	A	A	dominant seventh chord	7	True	True	True	True	True	2	1	1	True	True	True
102	2	25.5	68	8	G	1	1.0	1	2	4	1	1	1/8	True	-1	14	14	13	13a	4	51/2	False	True					False	24		V7	d	v		V7	V		7			Mm7	True	True	(1, 5, 2, -1)	()	1	1	minor	minor	v	v, minor	V		v	v	True	V7	V7, minor		V7, minor		V	V7	5		2	3	3	3	3	A	A	A	A	dominant seventh chord	7	True	True	True	True	True	6	5	5	True	False	False
104	2	26.0	54	6	F	1	1.5	0	2	4	2	1	1/8	True	-1	14	14	13	13a	3	26	False	False					False	24		V7	d	v		V7	V		7			Mm7	True	True	(1, 5, 2, -1)	()	1	1	minor	minor	v	v, minor	V		v	v	True	V7	V7, minor		V7, minor		V	V7	5		2	3	3	3	3	A	A	A	A	dominant seventh chord	7	True	True	True	True	True	4	3	3	False	False	False
104	1	26.0	76	4	E	0	1.5	0	2	4	1	1	1/16	True	-1	14	14	13	13a	5	26	False	False					False	24		V7	d	v		V7	V		7			Mm7	True	True	(1, 5, 2, -1)	()	1	1	minor	minor	v	v, minor	V		v	v	True	V7	V7, minor		V7, minor		V	V7	5		2	3	3	3	3	A	A	A	A	dominant seventh chord	7	True	True	True	True	True	2	1	1	True	True	True
105	1	26.25	74	2	D	0	1.75	0	2	4	1	1	1/16	True	-1	14	14	13	13a	5	105/4	False	False					False	24		V7	d	v		V7	V		7			Mm7	True	True	(1, 5, 2, -1)	()	1	1	minor	minor	v	v, minor	V		v	v	True	V7	V7, minor		V7, minor		V	V7	5		2	3	3	3	3	A	A	A	A	dominant seventh chord	7	True	True	True	True	True	0	-1	-1	True	False	False
106	2	26.5	56	8	G	1	2.0	2	2	4	2	1	1/8	True	-1	14	14	13	13a	3	53/2	False	False					False	24		V7	d	v		V7	V		7			Mm7	True	True	(1, 5, 2, -1)	()	1	1	minor	minor	v	v, minor	V		v	v	True	V7	V7, minor		V7, minor		V	V7	5		2	3	3	3	3	A	A	A	A	dominant seventh chord	7	True	True	True	True	True	6	5	5	True	False	False
106	1	26.5	76	4	E	0	2.0	2	2	4	1	1	1/16	True	-1	14	14	13	13a	5	53/2	False	False					False	24		V7	d	v		V7	V		7			Mm7	True	True	(1, 5, 2, -1)	()	1	1	minor	minor	v	v, minor	V		v	v	True	V7	V7, minor		V7, minor		V	V7	5		2	3	3	3	3	A	A	A	A	dominant seventh chord	7	True	True	True	True	True	2	1	1	True	True	True
107	1	26.75	74	2	D	0	2.25	0	2	4	1	1	1/16	True	-1	14	14	13	13a	5	107/4	False	False					False	24		V7	d	v		V7	V		7			Mm7	True	True	(1, 5, 2, -1)	()	1	1	minor	minor	v	v, minor	V		v	v	True	V7	V7, minor		V7, minor		V	V7	5		2	3	3	3	3	A	A	A	A	dominant seventh chord	7	True	True	True	True	True	0	-1	-1	True	False	False
108	2	27.0	52	4	E	0	2.5	0	2	4	2	1	1/8	True	-1	14	14	13	13a	3	27	False	False					False	24		V7	d	v		V7	V		7			Mm7	True	True	(1, 5, 2, -1)	()	1	1	minor	minor	v	v, minor	V		v	v	True	V7	V7, minor		V7, minor		V	V7	5		2	3	3	3	3	A	A	A	A	dominant seventh chord	7	True	True	True	True	True	2	1	1	True	True	True
108	1	27.0	72	0	C	0	2.5	0	2	4	1	1	1/16	True	-1	14	14	13	13a	5	27	False	False					False	24		V7	d	v		V7	V		7			Mm7	True	True	(1, 5, 2, -1)	()	1	1	minor	minor	v	v, minor	V		v	v	True	V7	V7, minor		V7, minor		V	V7	5		2	3	3	3	3	A	A	A	A	dominant seventh chord	7	True	True	True	True	True	-2	-3	-3	False	False	False
109	1	27.25	71	5	B	0	2.75	0	2	4	1	1	1/16	True	-1	14	14	13	13a	4	109/4	False	False					False	24		V7	d	v		V7	V		7			Mm7	True	True	(1, 5, 2, -1)	()	1	1	minor	minor	v	v, minor	V		v	v	True	V7	V7, minor		V7, minor		V	V7	5		2	3	3	3	3	A	A	A	A	dominant seventh chord	7	True	True	True	True	True	3	2	2	True	False	False
110	0	27.5	71	5	B	0	1.0	1	2	4	1	1	0	True	-1	15	15	14	14a	4	55/2	False	True					False	25		i	d	v		i	i					m	True	True	(0, -3, 1)	()	0	0	minor	minor	v	v, minor	i		v	v	True	i	i, minor		i, minor		i	i	1		2	3	3	2	2	D	D	A	A	minor triad	0	True	True	True	True	True	3	2	2	False	False	False
110	2	27.5	57	3	A	0	1.0	1	2	4	2	1	1/8	True	-1	15	15	14	14a	3	55/2	False	True					False	25		i	d	v		i	i					m	True	True	(0, -3, 1)	()	0	0	minor	minor	v	v, minor	i		v	v	True	i	i, minor		i, minor		i	i	1		2	3	3	2	2	D	D	A	A	minor triad	0	True	True	True	True	True	1	0	0	True	True	True
110	2	27.5	72	0	C	0	1.0	1	2	4	1	1	1/8	True	-1	15	15	14	14a	5	55/2	False	True					False	25		i	d	v		i	i					m	True	True	(0, -3, 1)	()	0	0	minor	minor	v	v, minor	i		v	v	True	i	i, minor		i, minor		i	i	1		2	3	3	2	2	D	D	A	A	minor triad	0	True	True	True	True	True	-2	-3	-3	True	False	False
112	1	28.0	62	2	D	0	1.5	0	2	4	2	1	1/16	True	-1	15	15	14	14a	4	28	False	True					False	26		iv	d	v		iv	iv					m	True	True	(-1, -4, 0)	()	-1	-1	minor	minor	v	v, minor	iv		v	v	True	iv	iv, minor		iv, minor		iv	iv	4		2	3	3	1	1	G	G	A	A	minor triad	0	True	True	True	True	True	0	-1	-1	True	True	True
112	2	28.0	77	-1	F	0	1.5	0	2	4	1	1	1/8	True	-1	15	15	14	14a	5	28	False	True					False	26		iv	d	v		iv	iv					m	True	True	(-1, -4, 0)	()	-1	-1	minor	minor	v	v, minor	iv		v	v	True	iv	iv, minor		iv, minor		iv	iv	4		2	3	3	1	1	G	G	A	A	minor triad	0	True	True	True	True	True	-3	-4	-4	True	False	False
113	1	28.25	60	0	C	0	1.75	0	2	4	2	1	1/16	True	-1	15	15	14	14a	4	113/4	False	False					False	26		iv	d	v		iv	iv					m	True	True	(-1, -4, 0)	()	-1	-1	minor	minor	v	v, minor	iv		v	v	True	iv	iv, minor		iv, minor		iv	iv	4		2	3	3	1	1	G	G	A	A	minor triad	0	True	True	True	True	True	-2	-3	-3	False	False	False
114	1	28.5	62	2	D	0	2.0	2	2	4	2	1	1/16	True	-1	15	15	14	14a	4	57/2	False	False					False	26		iv	d	v		iv	iv					m	True	True	(-1, -4, 0)	()	-1	-1	minor	minor	v	v, minor	iv		v	v	True	iv	iv, minor		iv, minor		iv	iv	4		2	3	3	1	1	G	G	A	A	minor triad	0	True	True	True	True	True	0	-1	-1	True	True	True
114	2	28.5	77	-1	F	0	2.0	2	2	4	1	1	1/8	True	-1	15	15	14	14a	5	57/2	False	False					False	26		iv	d	v		iv	iv					m	True	True	(-1, -4, 0)	()	-1	-1	minor	minor	v	v, minor	iv		v	v	True	iv	iv, minor		iv, minor		iv	iv	4		2	3	3	1	1	G	G	A	A	minor triad	0	True	True	True	True	True	-3	-4	-4	True	False	False
115	1	28.75	60	0	C	0	2.25	0	2	4	2	1	1/16	True	-1	15	15	14	14a	4	115/4	False	False					False	26		iv	d	v		iv	iv					m	True	True	(-1, -4, 0)	()	-1	-1	minor	minor	v	v, minor	iv		v	v	True	iv	iv, minor		iv, minor		iv	iv	4		2	3	3	1	1	G	G	A	A	minor triad	0	True	True	True	True	True	-2	-3	-3	False	False	False
116	1	29.0	59	5	B	0	2.5	0	2	4	2	1	1/16	True	-1	15	15	14	14a	3	29	False	False					False	26		iv	d	v		iv	iv					m	True	True	(-1, -4, 0)	()	-1	-1	minor	minor	v	v, minor	iv		v	v	True	iv	iv, minor		iv, minor		iv	iv	4		2	3	3	1	1	G	G	A	A	minor triad	0	True	True	True	True	True	3	2	2	False	False	False
116	2	29.0	72	0	C	0	2.5	0	2	4	1	1	1/8	True	-1	15	15	14	14a	5	29	False	False					False	26		iv	d	v		iv	iv					m	True	True	(-1, -4, 0)	()	-1	-1	minor	minor	v	v, minor	iv		v	v	True	iv	iv, minor		iv, minor		iv	iv	4		2	3	3	1	1	G	G	A	A	minor triad	0	True	True	True	True	True	-2	-3	-3	False	False	False
117	1	29.25	57	3	A	0	2.75	0	2	4	2	1	1/16	True	-1	15	15	14	14a	3	117/4	False	False					False	26		iv	d	v		iv	iv					m	True	True	(-1, -4, 0)	()	-1	-1	minor	minor	v	v, minor	iv		v	v	True	iv	iv, minor		iv, minor		iv	iv	4		2	3	3	1	1	G	G	A	A	minor triad	0	True	True	True	True	True	1	0	0	True	False	False
118	2	29.5	55	1	G	0	1.0	1	2	4	2	1	1/8	True	-1	16	16	15	15a	3	59/2	False	True					False	27		VII7	d	v		VII7	VII		7			Mm7	True	True	(-2, 2, -1, -4)	()	-2	-2	minor	minor	v	v, minor	VII		v	v	True	VII7	VII7, minor		VII7, minor		VII	VII7	7		2	3	3	0	0	C	C	A	A	dominant seventh chord	7	True	True	True	True	True	-1	-2	-2	True	True	True
118	2	29.5	71	5	B	0	1.0	1	2	4	1	1	1/8	True	-1	16	16	15	15a	4	59/2	False	True					False	27		VII7	d	v		VII7	VII		7			Mm7	True	True	(-2, 2, -1, -4)	()	-2	-2	minor	minor	v	v, minor	VII		v	v	True	VII7	VII7, minor		VII7, minor		VII	VII7	7		2	3	3	0	0	C	C	A	A	dominant seventh chord	7	True	True	True	True	True	3	2	2	True	False	False
120	1	30.0	60	0	C	0	1.5	0	2	4	2	1	1/16	True	-1	16	16	15	15a	4	30	False	True					False	28		III	d	v		III	III					M	True	True	(-3, 1, -2)	()	-3	-3	minor	minor	v	v, minor	III		v	v	True	III	III, minor		III, minor		III	III	3		2	3	3	-1	-1	F	F	A	A	major triad	0	True	True	True	True	True	-2	-3	-3	True	True	True
120	2	30.0	76	4	E	0	1.5	0	2	4	1	1	1/8	True	-1	16	16	15	15a	5	30	False	True					False	28		III	d	v		III	III					M	True	True	(-3, 1, -2)	()	-3	-3	minor	minor	v	v, minor	III		v	v	True	III	III, minor		III, minor		III	III	3		2	3	3	-1	-1	F	F	A	A	major triad	0	True	True	True	True	True	2	1	1	True	False	False
121	1	30.25	59	5	B	0	1.75	0	2	4	2	1	1/16	True	-1	16	16	15	15a	3	121/4	False	False					False	28		III	d	v		III	III					M	True	True	(-3, 1, -2)	()	-3	-3	minor	minor	v	v, minor	III		v	v	True	III	III, minor		III, minor		III	III	3		2	3	3	-1	-1	F	F	A	A	major triad	0	True	True	True	True	True	3	2	2	False	False	False
122	1	30.5	60	0	C	0	2.0	2	2	4	2	1	1/16	True	-1	16	16	15	15a	4	61/2	False	False					False	28		III	d	v		III	III					M	True	True	(-3, 1, -2)	()	-3	-3	minor	minor	v	v, minor	III		v	v	True	III	III, minor		III, minor		III	III	3		2	3	3	-1	-1	F	F	A	A	major triad	0	True	True	True	True	True	-2	-3	-3	True	True	True
122	2	30.5	76	4	E	0	2.0	2	2	4	1	1	1/8	True	-1	16	16	15	15a	5	61/2	False	False					False	28		III	d	v		III	III					M	True	True	(-3, 1, -2)	()	-3	-3	minor	minor	v	v, minor	III		v	v	True	III	III, minor		III, minor		III	III	3		2	3	3	-1	-1	F	F	A	A	major triad	0	True	True	True	True	True	2	1	1	True	False	False
123	1	30.75	59	5	B	0	2.25	0	2	4	2	1	1/16	True	-1	16	16	15	15a	3	123/4	False	False					False	28		III	d	v		III	III					M	True	True	(-3, 1, -2)	()	-3	-3	minor	minor	v	v, minor	III		v	v	True	III	III, minor		III, minor		III	III	3		2	3	3	-1	-1	F	F	A	A	major triad	0	True	True	True	True	True	3	2	2	False	False	False
124	1	31.0	57	3	A	0	2.5	0	2	4	2	1	1/16	True	-1	16	16	15	15a	3	31	False	False					False	28		III	d	v		III	III					M	True	True	(-3, 1, -2)	()	-3	-3	minor	minor	v	v, minor	III		v	v	True	III	III, minor		III, minor		III	III	3		2	3	3	-1	-1	F	F	A	A	major triad	0	True	True	True	True	True	1	0	0	False	False	False
124	2	31.0	71	5	B	0	2.5	0	2	4	1	1	1/8	True	-1	16	16	15	15a	4	31	False	False					False	28		III	d	v		III	III					M	True	True	(-3, 1, -2)	()	-3	-3	minor	minor	v	v, minor	III		v	v	True	III	III, minor		III, minor		III	III	3		2	3	3	-1	-1	F	F	A	A	major triad	0	True	True	True	True	True	3	2	2	False	False	False
125	1	31.25	55	1	G	0	2.75	0	2	4	2	1	1/16	True	-1	16	16	15	15a	3	125/4	False	False					False	28		III	d	v		III	III					M	True	True	(-3, 1, -2)	()	-3	-3	minor	minor	v	v, minor	III		v	v	True	III	III, minor		III, minor		III	III	3		2	3	3	-1	-1	F	F	A	A	major triad	0	True	True	True	True	True	-1	-2	-2	True	False	False
126	2	31.5	53	-1	F	0	1.0	1	2	4	2	1	1/8	True	-1	17	17	16	16a	3	63/2	False	True					False	29		VIM7	d	v		VIM7	VI	M	7			MM7	True	True	(-4, 0, -3, 1)	()	-4	-4	minor	minor	v	v, minor	VI		v	v	True	VIM7	VIM7, minor		VIM7, minor		VI	VI7	6		2	3	3	-2	-2	Bb	Bb	A	A		7	True	True	True	True	True	-3	-4	-4	True	True	True
126	2	31.5	69	3	A	0	1.0	1	2	4	1	1	1/8	True	-1	17	17	16	16a	4	63/2	False	True					False	29		VIM7	d	v		VIM7	VI	M	7			MM7	True	True	(-4, 0, -3, 1)	()	-4	-4	minor	minor	v	v, minor	VI		v	v	True	VIM7	VIM7, minor		VIM7, minor		VI	VI7	6		2	3	3	-2	-2	Bb	Bb	A	A		7	True	True	True	True	True	1	0	0	True	False	False
128	1	32.0	59	5	B	0	1.5	0	2	4	2	1	1/16	True	-1	17	17	16	16a	3	32	False	True					False	30		iio	d	v		iio	ii	o				o	True	True	(2, -1, -4)	()	2	2	minor	minor	v	v, minor	ii		v	v	True	iio	iio, minor		iio, minor		ii	iio	2		2	3	3	4	4	E	E	A	A	diminished triad	0	True	True	True	True	True	3	2	2	True	True	True
128	2	32.0	74	2	D	0	1.5	0	2	4	1	1	1/8	True	-1	17	17	16	16a	5	32	False	True					False	30		iio	d	v		iio	ii	o				o	True	True	(2, -1, -4)	()	2	2	minor	minor	v	v, minor	ii		v	v	True	iio	iio, minor		iio, minor		ii	iio	2		2	3	3	4	4	E	E	A	A	diminished triad	0	True	True	True	True	True	0	-1	-1	True	False	False
129	1	32.25	57	3	A	0	1.75	0	2	4	2	1	1/16	True	-1	17	17	16	16a	3	129/4	False	False					False	30		iio	d	v		iio	ii	o				o	True	True	(2, -1, -4)	()	2	2	minor	minor	v	v, minor	ii		v	v	True	iio	iio, minor		iio, minor		ii	iio	2		2	3	3	4	4	E	E	A	A	diminished triad	0	True	True	True	True	True	1	0	0	False	False	False
130	1	32.5	59	5	B	0	2.0	2	2	4	2	1	1/16	True	-1	17	17	16	16a	3	65/2	False	False					False	30		iio	d	v		iio	ii	o				o	True	True	(2, -1, -4)	()	2	2	minor	minor	v	v, minor	ii		v	v	True	iio	iio, minor		iio, minor		ii	iio	2		2	3	3	4	4	E	E	A	A	diminished triad	0	True	True	True	True	True	3	2	2	True	True	True
130	2	32.5	74	2	D	0	2.0	2	2	4	1	1	1/8	True	-1	17	17	16	16a	5	65/2	False	False					False	30		iio	d	v		iio	ii	o				o	True	True	(2, -1, -4)	()	2	2	minor	minor	v	v, minor	ii		v	v	True	iio	iio, minor		iio, minor		ii	iio	2		2	3	3	4	4	E	E	A	A	diminished triad	0	True	True	True	True	True	0	-1	-1	True	False	False
131	1	32.75	57	3	A	0	2.25	0	2	4	2	1	1/16	True	-1	17	17	16	16a	3	131/4	False	False					False	30		iio	d	v		iio	ii	o				o	True	True	(2, -1, -4)	()	2	2	minor	minor	v	v, minor	ii		v	v	True	iio	iio, minor		iio, minor		ii	iio	2		2	3	3	4	4	E	E	A	A	diminished triad	0	True	True	True	True	True	1	0	0	False	False	False
132	1	33.0	55	1	G	0	2.5	0	2	4	2	1	1/16	True	-1	17	17	16	16a	3	33	False	False					False	30		iio	d	v		iio	ii	o				o	True	True	(2, -1, -4)	()	2	2	minor	minor	v	v, minor	ii		v	v	True	iio	iio, minor		iio, minor		ii	iio	2		2	3	3	4	4	E	E	A	A	diminished triad	0	True	True	True	True	True	-1	-2	-2	False	False	False
132	2	33.0	69	3	A	0	2.5	0	2	4	1	1	1/8	True	-1	17	17	16	16a	4	33	False	False					False	30		iio	d	v		iio	ii	o				o	True	True	(2, -1, -4)	()	2	2	minor	minor	v	v, minor	ii		v	v	True	iio	iio, minor		iio, minor		ii	iio	2		2	3	3	4	4	E	E	A	A	diminished triad	0	True	True	True	True	True	1	0	0	False	False	False
133	1	33.25	53	-1	F	0	2.75	0	2	4	2	1	1/16	True	-1	17	17	16	16a	3	133/4	False	False					False	30		iio	d	v		iio	ii	o				o	True	True	(2, -1, -4)	()	2	2	minor	minor	v	v, minor	ii		v	v	True	iio	iio, minor		iio, minor		ii	iio	2		2	3	3	4	4	E	E	A	A	diminished triad	0	True	True	True	True	True	-3	-4	-4	True	False	False
134	2	33.5	52	4	E	0	1.0	1	2	4	2	1	1/8	True	-1	18	18	17	17a	3	67/2	False	True					False	31		V7	d	v		V7	V		7			Mm7	True	True	(1, 5, 2, -1)	()	1	1	minor	minor	v	v, minor	V		v	v	True	V7	V7, minor		V7, minor		V	V7	5		2	3	3	3	3	A	A	A	A	dominant seventh chord	7	True	True	True	True	True	2	1	1	True	True	True
134	2	33.5	68	8	G	1	1.0	1	2	4	1	1	1/8	True	-1	18	18	17	17a	4	67/2	False	True					False	31		V7	d	v		V7	V		7			Mm7	True	True	(1, 5, 2, -1)	()	1	1	minor	minor	v	v, minor	V		v	v	True	V7	V7, minor		V7, minor		V	V7	5		2	3	3	3	3	A	A	A	A	dominant seventh chord	7	True	True	True	True	True	6	5	5	True	False	False
136	2	34.0	54	6	F	1	1.5	0	2	4	2	1	1/8	True	-1	18	18	17	17a	3	34	False	False					False	31		V7	d	v		V7	V		7			Mm7	True	True	(1, 5, 2, -1)	()	1	1	minor	minor	v	v, minor	V		v	v	True	V7	V7, minor		V7, minor		V	V7	5		2	3	3	3	3	A	A	A	A	dominant seventh chord	7	True	True	True	True	True	4	3	3	False	False	False
136	2	34.0	69	3	A	0	1.5	0	2	4	1	1	1/8	True	-1	18	18	17	17a	4	34	False	False					False	31		V7	d	v		V7	V		7			Mm7	True	True	(1, 5, 2, -1)	()	1	1	minor	minor	v	v, minor	V		v	v	True	V7	V7, minor		V7, minor		V	V7	5		2	3	3	3	3	A	A	A	A	dominant seventh chord	7	True	True	True	True	True	1	0	0	False	False	False
138	0	34.5	69	3	A	0	2.0	2	2	4	1	1	0	True	-1	18	18	17	17a	4	69/2	False	True					False	32		V65	d	v		V65	V		65			Mm7	True	True	(5, 2, -1, 1)	()	1	5	minor	minor	v	v, minor	V		v	v	True	V65	V65, minor		V65, minor		V	V7	5		2	3	3	3	7	A	C#	A	A	dominant seventh chord	1	True	True	True	True	True	1	0	0	False	False	False
138	2	34.5	56	8	G	1	2.0	2	2	4	2	1	1/8	True	-1	18	18	17	17a	3	69/2	False	True					False	32		V65	d	v		V65	V		65			Mm7	True	True	(5, 2, -1, 1)	()	1	5	minor	minor	v	v, minor	V		v	v	True	V65	V65, minor		V65, minor		V	V7	5		2	3	3	3	7	A	C#	A	A	dominant seventh chord	1	True	True	True	True	True	6	5	5	True	False	True
138	3	34.5	71	5	B	0	2.0	2	2	4	1	1	3/16	True	-1	18	18	17	17a	4	69/2	False	True					False	32		V65	d	v		V65	V		65			Mm7	True	True	(5, 2, -1, 1)	()	1	5	minor	minor	v	v, minor	V		v	v	True	V65	V65, minor		V65, minor		V	V7	5		2	3	3	3	7	A	C#	A	A	dominant seventh chord	1	True	True	True	True	True	3	2	2	True	False	False
140	2	35.0	57	3	A	0	2.5	0	2	4	2	1	1/8	True	-1	18	18	17	17a	3	35	False	False					False	32		V65	d	v		V65	V		65			Mm7	True	True	(5, 2, -1, 1)	()	1	5	minor	minor	v	v, minor	V		v	v	True	V65	V65, minor		V65, minor		V	V7	5		2	3	3	3	7	A	C#	A	A	dominant seventh chord	1	True	True	True	True	True	1	0	0	False	False	False
141	1	35.25	72	0	C	0	2.75	0	2	4	1	1	1/16	True	-1	18	18	17	17a	5	141/4	False	True					False	33		i	d	v		i	i					m	True	True	(0, -3, 1)	()	0	0	minor	minor	v	v, minor	i		v	v	True	i	i, minor		i, minor		i	i	1		2	3	3	2	2	D	D	A	A	minor triad	0	True	True	True	True	True	-2	-3	-3	True	False	False
142	2	35.5	52	4	E	0	1.0	1	2	4	2	1	1/8	True	-1	19	19	18	18a	3	71/2	False	True	HC.SIM	HC	SIM	}	True	34		V|HC.SIM}	d	v		V	V					M	True	True	(1, 5, 2)	()	1	1	minor	minor	v	v, minor	V		v	v	True	V	V, minor		V, minor		V	V	5		2	3	3	3	3	A	A	A	A	major triad	0	True	True	True	True	True	2	1	1	True	True	True
142	2	35.5	71	5	B	0	1.0	1	2	4	1	1	1/8	True	-1	19	19	18	18a	4	71/2	False	True	HC.SIM	HC	SIM	}	True	34		V|HC.SIM}	d	v		V	V					M	True	True	(1, 5, 2)	()	1	1	minor	minor	v	v, minor	V		v	v	True	V	V, minor		V, minor		V	V	5		2	3	3	3	3	A	A	A	A	major triad	0	True	True	True	True	True	3	2	2	True	False	False
144	2	36.0	57	3	A	0	1.5	0	2	4	2	1	1/8	True	-1	19	19	18	18a	3	36	False	True				{	False	35		i{	d	v		i	i					m	True	True	(0, -3, 1)	()	0	0	minor	minor	v	v, minor	i		v	v	True	i	i, minor		i, minor		i	i	1		2	3	3	2	2	D	D	A	A	minor triad	0	True	True	True	True	True	1	0	0	True	True	True
144	1	36.0	72	0	C	0	1.5	0	2	4	1	1	1/16	True	-1	19	19	18	18a	5	36	False	True				{	False	35		i{	d	v		i	i					m	True	True	(0, -3, 1)	()	0	0	minor	minor	v	v, minor	i		v	v	True	i	i, minor		i, minor		i	i	1		2	3	3	2	2	D	D	A	A	minor triad	0	True	True	True	True	True	-2	-3	-3	True	False	False
145	1	36.25	71	5	B	0	1.75	0	2	4	1	1	1/16	True	-1	19	19	18	18a	4	145/4	False	False					False	35		i{	d	v		i	i					m	True	True	(0, -3, 1)	()	0	0	minor	minor	v	v, minor	i		v	v	True	i	i, minor		i, minor		i	i	1		2	3	3	2	2	D	D	A	A	minor triad	0	True	True	True	True	True	3	2	2	False	False	False
146	2	36.5	57	3	A	0	2.0	2	2	4	2	1	1/8	True	-1	19	19	18	18a	3	73/2	False	False					False	35		i{	d	v		i	i					m	True	True	(0, -3, 1)	()	0	0	minor	minor	v	v, minor	i		v	v	True	i	i, minor		i, minor		i	i	1		2	3	3	2	2	D	D	A	A	minor triad	0	True	True	True	True	True	1	0	0	True	True	True
146	1	36.5	72	0	C	0	2.0	2	2	4	1	1	1/16	True	-1	19	19	18	18a	5	73/2	False	False					False	35		i{	d	v		i	i					m	True	True	(0, -3, 1)	()	0	0	minor	minor	v	v, minor	i		v	v	True	i	i, minor		i, minor		i	i	1		2	3	3	2	2	D	D	A	A	minor triad	0	True	True	True	True	True	-2	-3	-3	True	False	False
147	1	36.75	71	5	B	0	2.25	0	2	4	1	1	1/16	True	-1	19	19	18	18a	4	147/4	False	False					False	35		i{	d	v		i	i					m	True	True	(0, -3, 1)	()	0	0	minor	minor	v	v, minor	i		v	v	True	i	i, minor		i, minor		i	i	1		2	3	3	2	2	D	D	A	A	minor triad	0	True	True	True	True	True	3	2	2	False	False	False
148	2	37.0	52	4	E	0	2.5	0	2	4	2	1	1/8	True	-1	19	19	18	18a	3	37	False	False					False	35		i{	d	v		i	i					m	True	True	(0, -3, 1)	()	0	0	minor	minor	v	v, minor	i		v	v	True	i	i, minor		i, minor		i	i	1		2	3	3	2	2	D	D	A	A	minor triad	0	True	True	True	True	True	2	1	1	True	False	False
148	1	37.0	69	3	A	0	2.5	0	2	4	1	1	1/16	True	-1	19	19	18	18a	4	37	False	False					False	35		i{	d	v		i	i					m	True	True	(0, -3, 1)	()	0	0	minor	minor	v	v, minor	i		v	v	True	i	i, minor		i, minor		i	i	1		2	3	3	2	2	D	D	A	A	minor triad	0	True	True	True	True	True	1	0	0	True	True	True
149	1	37.25	67	1	G	0	2.75	0	2	4	1	1	1/16	True	-1	19	19	18	18a	4	149/4	False	False					False	35		i{	d	v		i	i					m	True	True	(0, -3, 1)	()	0	0	minor	minor	v	v, minor	i		v	v	True	i	i, minor		i, minor		i	i	1		2	3	3	2	2	D	D	A	A	minor triad	0	True	True	True	True	True	-1	-2	-2	False	False	False
150	2	37.5	50	2	D	0	1.0	1	2	4	2	1	1/8	True	-1	20	20	19	19a	3	75/2	False	True					False	36		IV7	d	v		IV7	IV		7			Mm7	True	True	(-1, 3, 0, -3)	()	-1	-1	minor	minor	v	v, minor	IV		v	v	True	IV7	IV7, minor		IV7, minor		IV	IV7	4		2	3	3	1	1	G	G	A	A	dominant seventh chord	7	True	True	True	True	True	0	-1	-1	True	True	True
150	2	37.5	66	6	F	1	1.0	1	2	4	1	1	1/8	True	-1	20	20	19	19a	4	75/2	False	True					False	36		IV7	d	v		IV7	IV		7			Mm7	True	True	(-1, 3, 0, -3)	()	-1	-1	minor	minor	v	v, minor	IV		v	v	True	IV7	IV7, minor		IV7, minor		IV	IV7	4		2	3	3	1	1	G	G	A	A	dominant seventh chord	7	True	True	True	True	True	4	3	3	True	False	False
152	2	38.0	56	8	G	1	1.5	0	2	4	2	1	1/8	True	-1	20	20	19	19a	3	38	False	True					False	37		V6	d	v		V6	V		6			M	True	True	(5, 2, 1)	()	1	5	minor	minor	v	v, minor	V		v	v	True	V6	V6, minor		V6, minor		V	V	5		2	3	3	3	7	A	C#	A	A	major triad	1	True	True	True	True	True	6	5	5	True	False	True
152	1	38.0	71	5	B	0	1.5	0	2	4	1	1	1/16	True	-1	20	20	19	19a	4	38	False	True					False	37		V6	d	v		V6	V		6			M	True	True	(5, 2, 1)	()	1	5	minor	minor	v	v, minor	V		v	v	True	V6	V6, minor		V6, minor		V	V	5		2	3	3	3	7	A	C#	A	A	major triad	1	True	True	True	True	True	3	2	2	True	False	False
153	1	38.25	69	3	A	0	1.75	0	2	4	1	1	1/16	True	-1	20	20	19	19a	4	153/4	False	False					False	37		V6	d	v		V6	V		6			M	True	True	(5, 2, 1)	()	1	5	minor	minor	v	v, minor	V		v	v	True	V6	V6, minor		V6, minor		V	V	5		2	3	3	3	7	A	C#	A	A	major triad	1	True	True	True	True	True	1	0	0	False	False	False
154	2	38.5	56	8	G	1	2.0	2	2	4	2	1	1/8	True	-1	20	20	19	19a	3	77/2	False	True					False	38		V65	d	v		V65	V		65			Mm7	True	True	(5, 2, -1, 1)	()	1	5	minor	minor	v	v, minor	V		v	v	True	V65	V65, minor		V65, minor		V	V7	5		2	3	3	3	7	A	C#	A	A	dominant seventh chord	1	True	True	True	True	True	6	5	5	True	False	True
154	1	38.5	71	5	B	0	2.0	2	2	4	1	1	1/16	True	-1	20	20	19	19a	4	77/2	False	True					False	38		V65	d	v		V65	V		65			Mm7	True	True	(5, 2, -1, 1)	()	1	5	minor	minor	v	v, minor	V		v	v	True	V65	V65, minor		V65, minor		V	V7	5		2	3	3	3	7	A	C#	A	A	dominant seventh chord	1	True	True	True	True	True	3	2	2	True	False	False
155	1	38.75	69	3	A	0	2.25	0	2	4	1	1	1/16	True	-1	20	20	19	19a	4	155/4	False	False					False	38		V65	d	v		V65	V		65			Mm7	True	True	(5, 2, -1, 1)	()	1	5	minor	minor	v	v, minor	V		v	v	True	V65	V65, minor		V65, minor		V	V7	5		2	3	3	3	7	A	C#	A	A	dominant seventh chord	1	True	True	True	True	True	1	0	0	False	False	False
156	2	39.0	50	2	D	0	2.5	0	2	4	2	1	1/8	True	-1	20	20	19	19a	3	39	False	True					False	39		V2	d	v		V2	V		2			Mm7	True	True	(-1, 1, 5, 2)	()	1	-1	minor	minor	v	v, minor	V		v	v	True	V2	V2, minor		V2, minor		V	V7	5		2	3	3	3	1	A	G	A	A	dominant seventh chord	3	True	True	True	True	True	0	-1	-1	True	False	True
156	1	39.0	68	8	G	1	2.5	0	2	4	1	1	1/16	True	-1	20	20	19	19a	4	39	False	True					False	39		V2	d	v		V2	V		2			Mm7	True	True	(-1, 1, 5, 2)	()	1	-1	minor	minor	v	v, minor	V		v	v	True	V2	V2, minor		V2, minor		V	V7	5		2	3	3	3	1	A	G	A	A	dominant seventh chord	3	True	True	True	True	True	6	5	5	True	False	False
157	1	39.25	66	6	F	1	2.75	0	2	4	1	1	1/16	True	-1	20	20	19	19a	4	157/4	False	False					False	39		V2	d	v		V2	V		2			Mm7	True	True	(-1, 1, 5, 2)	()	1	-1	minor	minor	v	v, minor	V		v	v	True	V2	V2, minor		V2, minor		V	V7	5		2	3	3	3	1	A	G	A	A	dominant seventh chord	3	True	True	True	True	True	4	3	3	False	False	False
158	2	39.5	48	0	C	0	1.0	1	2	4	2	1	1/8	True	-1	21	21	20	20a	3	79/2	False	True					False	40		i6	d	v		i6	i		6			m	True	True	(-3, 1, 0)	()	0	-3	minor	minor	v	v, minor	i		v	v	True	i6	i6, minor		i6, minor		i	i	1		2	3	3	2	-1	D	F	A	A	minor triad	1	True	True	True	True	True	-2	-3	-3	True	False	True
158	2	39.5	64	4	E	0	1.0	1	2	4	1	1	1/8	True	-1	21	21	20	20a	4	79/2	False	True					False	40		i6	d	v		i6	i		6			m	True	True	(-3, 1, 0)	()	0	-3	minor	minor	v	v, minor	i		v	v	True	i6	i6, minor		i6, minor		i	i	1		2	3	3	2	-1	D	F	A	A	minor triad	1	True	True	True	True	True	2	1	1	True	False	False
160	2	40.0	60	0	C	0	1.5	0	2	4	2	1	1/8	True	-1	21	21	20	20a	4	40	False	False					False	40		i6	d	v		i6	i		6			m	True	True	(-3, 1, 0)	()	0	-3	minor	minor	v	v, minor	i		v	v	True	i6	i6, minor		i6, minor		i	i	1		2	3	3	2	-1	D	F	A	A	minor triad	1	True	True	True	True	True	-2	-3	-3	True	False	True
160	1	40.0	76	4	E	0	1.5	0	2	4	1	1	1/16	True	-1	21	21	20	20a	5	40	False	False					False	40		i6	d	v		i6	i		6			m	True	True	(-3, 1, 0)	()	0	-3	minor	minor	v	v, minor	i		v	v	True	i6	i6, minor		i6, minor		i	i	1		2	3	3	2	-1	D	F	A	A	minor triad	1	True	True	True	True	True	2	1	1	True	False	False
161	1	40.25	74	2	D	0	1.75	0	2	4	1	1	1/16	True	-1	21	21	20	20a	5	161/4	False	False					False	40		i6	d	v		i6	i		6			m	True	True	(-3, 1, 0)	()	0	-3	minor	minor	v	v, minor	i		v	v	True	i6	i6, minor		i6, minor		i	i	1		2	3	3	2	-1	D	F	A	A	minor triad	1	True	True	True	True	True	0	-1	-1	False	False	False
162	2	40.5	60	0	C	0	2.0	2	2	4	2	1	1/8	True	-1	21	21	20	20a	4	81/2	False	False					False	40		i6	d	v		i6	i		6			m	True	True	(-3, 1, 0)	()	0	-3	minor	minor	v	v, minor	i		v	v	True	i6	i6, minor		i6, minor		i	i	1		2	3	3	2	-1	D	F	A	A	minor triad	1	True	True	True	True	True	-2	-3	-3	True	False	True
162	1	40.5	76	4	E	0	2.0	2	2	4	1	1	1/16	True	-1	21	21	20	20a	5	81/2	False	False					False	40		i6	d	v		i6	i		6			m	True	True	(-3, 1, 0)	()	0	-3	minor	minor	v	v, minor	i		v	v	True	i6	i6, minor		i6, minor		i	i	1		2	3	3	2	-1	D	F	A	A	minor triad	1	True	True	True	True	True	2	1	1	True	False	False
163	1	40.75	74	2	D	0	2.25	0	2	4	1	1	1/16	True	-1	21	21	20	20a	5	163/4	False	False					False	40		i6	d	v		i6	i		6			m	True	True	(-3, 1, 0)	()	0	-3	minor	minor	v	v, minor	i		v	v	True	i6	i6, minor		i6, minor		i	i	1		2	3	3	2	-1	D	F	A	A	minor triad	1	True	True	True	True	True	0	-1	-1	False	False	False
164	2	41.0	55	1	G	0	2.5	0	2	4	2	1	1/8	True	-1	21	21	20	20a	3	41	False	False					False	40		i6	d	v		i6	i		6			m	True	True	(-3, 1, 0)	()	0	-3	minor	minor	v	v, minor	i		v	v	True	i6	i6, minor		i6, minor		i	i	1		2	3	3	2	-1	D	F	A	A	minor triad	1	True	True	True	True	True	-1	-2	-2	False	False	False
164	1	41.0	72	0	C	0	2.5	0	2	4	1	1	1/16	True	-1	21	21	20	20a	5	41	False	False					False	40		i6	d	v		i6	i		6			m	True	True	(-3, 1, 0)	()	0	-3	minor	minor	v	v, minor	i		v	v	True	i6	i6, minor		i6, minor		i	i	1		2	3	3	2	-1	D	F	A	A	minor triad	1	True	True	True	True	True	-2	-3	-3	True	False	True
165	1	41.25	71	5	B	0	2.75	0	2	4	1	1	1/16	True	-1	21	21	20	20a	4	165/4	False	False					False	40		i6	d	v		i6	i		6			m	True	True	(-3, 1, 0)	()	0	-3	minor	minor	v	v, minor	i		v	v	True	i6	i6, minor		i6, minor		i	i	1		2	3	3	2	-1	D	F	A	A	minor triad	1	True	True	True	True	True	3	2	2	False	False	False
166	2	41.5	54	6	F	1	1.0	1	2	4	2	1	1/8	True	-1	22	22	21	21a	3	83/2	False	True					False	41		#vi%7	d	v		#vi%7	#vi	%	7			%7	True	True	(3, 0, -3, 1)	()	3	3	minor	minor	v	v, minor	#vi		v	v	True	#vi%7	#vi%7, minor		#vi%7, minor		#vi	vi%7	#6		2	3	3	5	5	B	B	A	A	half-diminished seventh chord	7	True	True	True	True	True	4	3	3	True	True	True
166	2	41.5	69	3	A	0	1.0	1	2	4	1	1	1/8	True	-1	22	22	21	21a	4	83/2	False	True					False	41		#vi%7	d	v		#vi%7	#vi	%	7			%7	True	True	(3, 0, -3, 1)	()	3	3	minor	minor	v	v, minor	#vi		v	v	True	#vi%7	#vi%7, minor		#vi%7, minor		#vi	vi%7	#6		2	3	3	5	5	B	B	A	A	half-diminished seventh chord	7	True	True	True	True	True	1	0	0	True	False	False
168	2	42.0	59	5	B	0	1.5	0	2	4	2	1	1/8	True	-1	22	22	21	21a	3	42	False	True					False	42		iio	d	v		iio	ii	o				o	True	True	(2, -1, -4)	()	2	2	minor	minor	v	v, minor	ii		v	v	True	iio	iio, minor		iio, minor		ii	iio	2		2	3	3	4	4	E	E	A	A	diminished triad	0	True	True	True	True	True	3	2	2	True	True	True
168	1	42.0	74	2	D	0	1.5	0	2	4	1	1	1/16	True	-1	22	22	21	21a	5	42	False	True					False	42		iio	d	v		iio	ii	o				o	True	True	(2, -1, -4)	()	2	2	minor	minor	v	v, minor	ii		v	v	True	iio	iio, minor		iio, minor		ii	iio	2		2	3	3	4	4	E	E	A	A	diminished triad	0	True	True	True	True	True	0	-1	-1	True	False	False
169	1	42.25	72	0	C	0	1.75	0	2	4	1	1	1/16	True	-1	22	22	21	21a	5	169/4	False	False					False	42		iio	d	v		iio	ii	o				o	True	True	(2, -1, -4)	()	2	2	minor	minor	v	v, minor	ii		v	v	True	iio	iio, minor		iio, minor		ii	iio	2		2	3	3	4	4	E	E	A	A	diminished triad	0	True	True	True	True	True	-2	-3	-3	False	False	False
170	2	42.5	59	5	B	0	2.0	2	2	4	2	1	1/8	True	-1	22	22	21	21a	3	85/2	False	False					False	42		iio	d	v		iio	ii	o				o	True	True	(2, -1, -4)	()	2	2	minor	minor	v	v, minor	ii		v	v	True	iio	iio, minor		iio, minor		ii	iio	2		2	3	3	4	4	E	E	A	A	diminished triad	0	True	True	True	True	True	3	2	2	True	True	True
170	1	42.5	74	2	D	0	2.0	2	2	4	1	1	1/16	True	-1	22	22	21	21a	5	85/2	False	False					False	42		iio	d	v		iio	ii	o				o	True	True	(2, -1, -4)	()	2	2	minor	minor	v	v, minor	ii		v	v	True	iio	iio, minor		iio, minor		ii	iio	2		2	3	3	4	4	E	E	A	A	diminished triad	0	True	True	True	True	True	0	-1	-1	True	False	False
171	1	42.75	72	0	C	0	2.25	0	2	4	1	1	1/16	True	-1	22	22	21	21a	5	171/4	False	False					False	42		iio	d	v		iio	ii	o				o	True	True	(2, -1, -4)	()	2	2	minor	minor	v	v, minor	ii		v	v	True	iio	iio, minor		iio, minor		ii	iio	2		2	3	3	4	4	E	E	A	A	diminished triad	0	True	True	True	True	True	-2	-3	-3	False	False	False
172	2	43.0	53	-1	F	0	2.5	0	2	4	2	1	1/8	True	-1	22	22	21	21a	3	43	False	True					False	43		ii%43	d	v		ii%43	ii	%	43			%7	True	True	(-4, 0, 2, -1)	()	2	-4	minor	minor	v	v, minor	ii		v	v	True	ii%43	ii%43, minor		ii%43, minor		ii	ii%7	2		2	3	3	4	-2	E	Bb	A	A	half-diminished seventh chord	2	True	True	True	True	True	-3	-4	-4	True	False	True
172	1	43.0	71	5	B	0	2.5	0	2	4	1	1	1/16	True	-1	22	22	21	21a	4	43	False	True					False	43		ii%43	d	v		ii%43	ii	%	43			%7	True	True	(-4, 0, 2, -1)	()	2	-4	minor	minor	v	v, minor	ii		v	v	True	ii%43	ii%43, minor		ii%43, minor		ii	ii%7	2		2	3	3	4	-2	E	Bb	A	A	half-diminished seventh chord	2	True	True	True	True	True	3	2	2	True	True	False
173	1	43.25	69	3	A	0	2.75	0	2	4	1	1	1/16	True	-1	22	22	21	21a	4	173/4	False	False					False	43		ii%43	d	v		ii%43	ii	%	43			%7	True	True	(-4, 0, 2, -1)	()	2	-4	minor	minor	v	v, minor	ii		v	v	True	ii%43	ii%43, minor		ii%43, minor		ii	ii%7	2		2	3	3	4	-2	E	Bb	A	A	half-diminished seventh chord	2	True	True	True	True	True	1	0	0	True	False	False
174	0	43.5	72	0	C	0	1.0	1	2	4	1	1	0	True	-1	23	23	22	22a	5	87/2	False	True					False	44		V	d	v		V	V					M	True	True	(1, 5, 2)	()	1	1	minor	minor	v	v, minor	V		v	v	True	V	V, minor		V, minor		V	V	5		2	3	3	3	3	A	A	A	A	major triad	0	True	True	True	True	True	-2	-3	-3	False	False	False
174	2	43.5	52	4	E	0	1.0	1	2	4	2	1	1/8	True	-1	23	23	22	22a	3	87/2	False	True					False	44		V	d	v		V	V					M	True	True	(1, 5, 2)	()	1	1	minor	minor	v	v, minor	V		v	v	True	V	V, minor		V, minor		V	V	5		2	3	3	3	3	A	A	A	A	major triad	0	True	True	True	True	True	2	1	1	True	True	True
174	2	43.5	71	5	B	0	1.0	1	2	4	1	1	1/8	True	-1	23	23	22	22a	4	87/2	False	True					False	44		V	d	v		V	V					M	True	True	(1, 5, 2)	()	1	1	minor	minor	v	v, minor	V		v	v	True	V	V, minor		V, minor		V	V	5		2	3	3	3	3	A	A	A	A	major triad	0	True	True	True	True	True	3	2	2	True	False	False
176	0	44.0	69	3	A	0	1.5	0	2	4	1	1	0	True	-1	23	23	22	22a	4	44	False	False					False	44		V	d	v		V	V					M	True	True	(1, 5, 2)	()	1	1	minor	minor	v	v, minor	V		v	v	True	V	V, minor		V, minor		V	V	5		2	3	3	3	3	A	A	A	A	major triad	0	True	True	True	True	True	1	0	0	False	False	False
176	2	44.0	50	2	D	0	1.5	0	2	4	2	1	1/8	True	-1	23	23	22	22a	3	44	False	False					False	44		V	d	v		V	V					M	True	True	(1, 5, 2)	()	1	1	minor	minor	v	v, minor	V		v	v	True	V	V, minor		V, minor		V	V	5		2	3	3	3	3	A	A	A	A	major triad	0	True	True	True	True	True	0	-1	-1	False	False	False
176	2	44.0	68	8	G	1	1.5	0	2	4	1	1	1/8	True	-1	23	23	22	22a	4	44	False	False					False	44		V	d	v		V	V					M	True	True	(1, 5, 2)	()	1	1	minor	minor	v	v, minor	V		v	v	True	V	V, minor		V, minor		V	V	5		2	3	3	3	3	A	A	A	A	major triad	0	True	True	True	True	True	6	5	5	True	False	False
178	0	44.5	68	8	G	1	2.0	2	2	4	1	1	0	True	-1	23	23	22	22a	4	89/2	False	True					False	45		i6	d	v		i6	i		6			m	True	True	(-3, 1, 0)	()	0	-3	minor	minor	v	v, minor	i		v	v	True	i6	i6, minor		i6, minor		i	i	1		2	3	3	2	-1	D	F	A	A	minor triad	1	True	True	True	True	True	6	5	5	False	False	False
178	2	44.5	48	0	C	0	2.0	2	2	4	2	1	1/8	True	-1	23	23	22	22a	3	89/2	False	True					False	45		i6	d	v		i6	i		6			m	True	True	(-3, 1, 0)	()	0	-3	minor	minor	v	v, minor	i		v	v	True	i6	i6, minor		i6, minor		i	i	1		2	3	3	2	-1	D	F	A	A	minor triad	1	True	True	True	True	True	-2	-3	-3	True	False	True
178	2	44.5	69	3	A	0	2.0	2	2	4	1	1	1/8	True	-1	23	23	22	22a	4	89/2	False	True					False	45		i6	d	v		i6	i		6			m	True	True	(-3, 1, 0)	()	0	-3	minor	minor	v	v, minor	i		v	v	True	i6	i6, minor		i6, minor		i	i	1		2	3	3	2	-1	D	F	A	A	minor triad	1	True	True	True	True	True	1	0	0	True	True	False
180	2	45.0	47	5	B	0	2.5	0	2	4	2	1	1/8	True	-1	23	23	22	22a	2	45	False	True					False	46		V43	d	v		V43	V		43			Mm7	True	True	(2, -1, 1, 5)	()	1	2	minor	minor	v	v, minor	V		v	v	True	V43	V43, minor		V43, minor		V	V7	5		2	3	3	3	4	A	E	A	A	dominant seventh chord	2	True	True	True	True	True	3	2	2	True	False	True
180	2	45.0	71	5	B	0	2.5	0	2	4	1	1	1/8	True	-1	23	23	22	22a	4	45	False	True					False	46		V43	d	v		V43	V		43			Mm7	True	True	(2, -1, 1, 5)	()	1	2	minor	minor	v	v, minor	V		v	v	True	V43	V43, minor		V43, minor		V	V7	5		2	3	3	3	4	A	E	A	A	dominant seventh chord	2	True	True	True	True	True	3	2	2	True	False	True
182	0	45.5	71	5	B	0	1.0	1	2	4	1	1	0	True	-1	24	24	23	23a	4	91/2	False	True					False	47		i	d	v		i	i					m	True	True	(0, -3, 1)	()	0	0	minor	minor	v	v, minor	i		v	v	True	i	i, minor		i, minor		i	i	1		2	3	3	2	2	D	D	A	A	minor triad	0	True	True	True	True	True	3	2	2	False	False	False
182	2	45.5	45	3	A	0	1.0	1	2	4	2	1	1/8	True	-1	24	24	23	23a	2	91/2	False	True					False	47		i	d	v		i	i					m	True	True	(0, -3, 1)	()	0	0	minor	minor	v	v, minor	i		v	v	True	i	i, minor		i, minor		i	i	1		2	3	3	2	2	D	D	A	A	minor triad	0	True	True	True	True	True	1	0	0	True	True	True
182	3	45.5	72	0	C	0	1.0	1	2	4	1	1	3/16	True	-1	24	24	23	23a	5	91/2	False	True					False	47		i	d	v		i	i					m	True	True	(0, -3, 1)	()	0	0	minor	minor	v	v, minor	i		v	v	True	i	i, minor		i, minor		i	i	1		2	3	3	2	2	D	D	A	A	minor triad	0	True	True	True	True	True	-2	-3	-3	True	False	False
184	2	46.0	50	2	D	0	1.5	0	2	4	2	1	1/8	True	-1	24	24	23	23a	3	46	False	False					False	47		i	d	v		i	i					m	True	True	(0, -3, 1)	()	0	0	minor	minor	v	v, minor	i		v	v	True	i	i, minor		i, minor		i	i	1		2	3	3	2	2	D	D	A	A	minor triad	0	True	True	True	True	True	0	-1	-1	False	False	False
185	1	46.25	74	2	D	0	1.75	0	2	4	1	1	1/16	True	-1	24	24	23	23a	5	185/4	False	True					False	48		ii65	d	v		ii65	ii		65			mm7	True	True	(-1, 3, 0, 2)	()	2	-1	minor	minor	v	v, minor	ii		v	v	True	ii65	ii65, minor		ii65, minor		ii	ii7	2		2	3	3	4	1	E	G	A	A		1	True	True	True	True	True	0	-1	-1	True	False	True
186	2	46.5	52	4	E	0	2.0	2	2	4	2	1	1/8	True	-1	24	24	23	23a	3	93/2	False	True					False	49		V	d	v		V	V					M	True	True	(1, 5, 2)	()	1	1	minor	minor	v	v, minor	V		v	v	True	V	V, minor		V, minor		V	V	5		2	3	3	3	3	A	A	A	A	major triad	0	True	True	True	True	True	2	1	1	True	True	True
186	3	46.5	71	5	B	0	2.0	2	2	4	1	1	3/16	True	-1	24	24	23	23a	4	93/2	False	True					False	49		V	d	v		V	V					M	True	True	(1, 5, 2)	()	1	1	minor	minor	v	v, minor	V		v	v	True	V	V, minor		V, minor		V	V	5		2	3	3	3	3	A	A	A	A	major triad	0	True	True	True	True	True	3	2	2	True	False	False
188	2	47.0	40	4	E	0	2.5	0	2	4	2	1	1/8	True	-1	24	24	23	23a	2	47	False	False					False	49		V	d	v		V	V					M	True	True	(1, 5, 2)	()	1	1	minor	minor	v	v, minor	V		v	v	True	V	V, minor		V, minor		V	V	5		2	3	3	3	3	A	A	A	A	major triad	0	True	True	True	True	True	2	1	1	True	True	True
189	1	47.25	69	3	A	0	2.75	0	2	4	1	1	1/16	True	-1	24	24	23	23a	4	189/4	False	True					False	50		V7	d	v		V7	V		7			Mm7	True	True	(1, 5, 2, -1)	()	1	1	minor	minor	v	v, minor	V		v	v	True	V7	V7, minor		V7, minor		V	V7	5		2	3	3	3	3	A	A	A	A	dominant seventh chord	7	True	True	True	True	True	1	0	0	False	False	False
190	2	47.5	45	3	A	0	1.0	1	2	4	2	1	1/8	True	-1	25	25	24	24a	2	95/2	False	True	PAC	PAC		}	True	51		I|PAC}	d	v		I	I					M	True	True	(0, 4, 1)	()	0	0	minor	minor	v	v, minor	I		v	v	True	I	I, minor		I, minor		I	I	1		2	3	3	2	2	D	D	A	A	major triad	0	True	True	True	True	True	1	0	0	True	True	True
190	2	47.5	61	7	C	1	1.0	1	2	4	1	1	1/8	True	-1	25	25	24	24a	4	95/2	False	True	PAC	PAC		}	True	51		I|PAC}	d	v		I	I					M	True	True	(0, 4, 1)	()	0	0	minor	minor	v	v, minor	I		v	v	True	I	I, minor		I, minor		I	I	1		2	3	3	2	2	D	D	A	A	major triad	0	True	True	True	True	True	5	4	4	True	False	False
190	2	47.5	64	4	E	0	1.0	1	2	4	1	1	1/8	True	-1	25	25	24	24a	4	95/2	False	True	PAC	PAC		}	True	51		I|PAC}	d	v		I	I					M	True	True	(0, 4, 1)	()	0	0	minor	minor	v	v, minor	I		v	v	True	I	I, minor		I, minor		I	I	1		2	3	3	2	2	D	D	A	A	major triad	0	True	True	True	True	True	2	1	1	True	False	False
190	2	47.5	69	3	A	0	1.0	1	2	4	1	1	1/8	True	-1	25	25	24	24a	4	95/2	False	True	PAC	PAC		}	True	51		I|PAC}	d	v		I	I					M	True	True	(0, 4, 1)	()	0	0	minor	minor	v	v, minor	I		v	v	True	I	I, minor		I, minor		I	I	1		2	3	3	2	2	D	D	A	A	major triad	0	True	True	True	True	True	1	0	0	True	True	True
192	2	48.0	69	3	A	0	1.5	0	2	4	1	1	1/8	True	-1	1	26	0	24a	4	48	True	True				{	False	52		d.V{	d	i		V	V					M	True	True	(1, 5, 2)	()	1	1	minor	minor	i	i, minor	V		i	i	True	V	V, minor		V, minor		V	V	5		2	2	2	3	3	A	A	D	D	major triad	0	True	True	True	True	True	1	1	1	True	True	True
194	2	48.5	69	3	A	0	2.0	2	2	4	1	1	1/8	True	-1	1	26	0	24a	4	97/2	False	False					False	52		d.V{	d	i		V	V					M	True	True	(1, 5, 2)	()	1	1	minor	minor	i	i, minor	V		i	i	True	V	V, minor		V, minor		V	V	5		2	2	2	3	3	A	A	D	D	major triad	0	True	True	True	True	True	1	1	1	True	True	True
196	2	49.0	64	4	E	0	2.5	0	2	4	1	1	1/8	True	-1	1	26	0	24a	4	49	False	False					False	52		d.V{	d	i		V	V					M	True	True	(1, 5, 2)	()	1	1	minor	minor	i	i, minor	V		i	i	True	V	V, minor		V, minor		V	V	5		2	2	2	3	3	A	A	D	D	major triad	0	True	True	True	True	True	2	2	2	True	False	False
198	0	49.5	64	4	E	0	1.0	1	2	4	1	1	0	True	-1	2	27	1	1b	4	99/2	False	False					False	52		d.V{	d	i		V	V					M	True	True	(1, 5, 2)	()	1	1	minor	minor	i	i, minor	V		i	i	True	V	V, minor		V, minor		V	V	5		2	2	2	3	3	A	A	D	D	major triad	0	True	True	True	True	True	2	2	2	True	False	False
198	2	49.5	65	-1	F	0	1.0	1	2	4	1	1	1/8	True	-1	2	27	1	1b	4	99/2	False	False					False	52		d.V{	d	i		V	V					M	True	True	(1, 5, 2)	()	1	1	minor	minor	i	i, minor	V		i	i	True	V	V, minor		V, minor		V	V	5		2	2	2	3	3	A	A	D	D	major triad	0	True	True	True	True	True	-3	-3	-3	False	False	False
200	2	50.0	69	3	A	0	1.5	0	2	4	1	1	1/8	True	-1	2	27	1	1b	4	50	False	False					False	52		d.V{	d	i		V	V					M	True	True	(1, 5, 2)	()	1	1	minor	minor	i	i, minor	V		i	i	True	V	V, minor		V, minor		V	V	5		2	2	2	3	3	A	A	D	D	major triad	0	True	True	True	True	True	1	1	1	True	True	True
202	2	50.5	69	3	A	0	2.0	2	2	4	1	1	1/8	True	-1	2	27	1	1b	4	101/2	False	False					False	52		d.V{	d	i		V	V					M	True	True	(1, 5, 2)	()	1	1	minor	minor	i	i, minor	V		i	i	True	V	V, minor		V, minor		V	V	5		2	2	2	3	3	A	A	D	D	major triad	0	True	True	True	True	True	1	1	1	True	True	True
204	2	51.0	61	7	C	1	2.5	0	2	4	1	1	1/8	True	-1	2	27	1	1b	4	51	False	False					False	52		d.V{	d	i		V	V					M	True	True	(1, 5, 2)	()	1	1	minor	minor	i	i, minor	V		i	i	True	V	V, minor		V, minor		V	V	5		2	2	2	3	3	A	A	D	D	major triad	0	True	True	True	True	True	5	5	5	True	False	False
206	0	51.5	61	7	C	1	1.0	1	2	4	1	1	0	True	-1	3	28	2	2b	4	103/2	False	False					False	52		d.V{	d	i		V	V					M	True	True	(1, 5, 2)	()	1	1	minor	minor	i	i, minor	V		i	i	True	V	V, minor		V, minor		V	V	5		2	2	2	3	3	A	A	D	D	major triad	0	True	True	True	True	True	5	5	5	True	False	False
206	2	51.5	62	2	D	0	1.0	1	2	4	1	1	1/8	True	-1	3	28	2	2b	4	103/2	False	False					False	52		d.V{	d	i		V	V					M	True	True	(1, 5, 2)	()	1	1	minor	minor	i	i, minor	V		i	i	True	V	V, minor		V, minor		V	V	5		2	2	2	3	3	A	A	D	D	major triad	0	True	True	True	True	True	0	0	0	False	False	False
208	2	52.0	57	3	A	0	1.5	0	2	4	2	1	1/8	True	-1	3	28	2	2b	3	52	False	False					False	52		d.V{	d	i		V	V					M	True	True	(1, 5, 2)	()	1	1	minor	minor	i	i, minor	V		i	i	True	V	V, minor		V, minor		V	V	5		2	2	2	3	3	A	A	D	D	major triad	0	True	True	True	True	True	1	1	1	True	True	True
208	1	52.0	69	3	A	0	1.5	0	2	4	1	1	1/16	True	-1	3	28	2	2b	4	52	False	False					False	52		d.V{	d	i		V	V					M	True	True	(1, 5, 2)	()	1	1	minor	minor	i	i, minor	V		i	i	True	V	V, minor		V, minor		V	V	5		2	2	2	3	3	A	A	D	D	major triad	0	True	True	True	True	True	1	1	1	True	True	True
209	1	52.25	71	5	B	0	1.75	0	2	4	1	1	1/16	True	-1	3	28	2	2b	4	209/4	False	False					False	52		d.V{	d	i		V	V					M	True	True	(1, 5, 2)	()	1	1	minor	minor	i	i, minor	V		i	i	True	V	V, minor		V, minor		V	V	5		2	2	2	3	3	A	A	D	D	major triad	0	True	True	True	True	True	3	3	3	False	False	False
210	2	52.5	57	3	A	0	2.0	2	2	4	2	1	1/8	True	-1	3	28	2	2b	3	105/2	False	False					False	52		d.V{	d	i		V	V					M	True	True	(1, 5, 2)	()	1	1	minor	minor	i	i, minor	V		i	i	True	V	V, minor		V, minor		V	V	5		2	2	2	3	3	A	A	D	D	major triad	0	True	True	True	True	True	1	1	1	True	True	True
210	1	52.5	73	7	C	1	2.0	2	2	4	1	1	1/16	True	-1	3	28	2	2b	5	105/2	False	False					False	52		d.V{	d	i		V	V					M	True	True	(1, 5, 2)	()	1	1	minor	minor	i	i, minor	V		i	i	True	V	V, minor		V, minor		V	V	5		2	2	2	3	3	A	A	D	D	major triad	0	True	True	True	True	True	5	5	5	True	False	False
211	1	52.75	74	2	D	0	2.25	0	2	4	1	1	1/16	True	-1	3	28	2	2b	5	211/4	False	False					False	52		d.V{	d	i		V	V					M	True	True	(1, 5, 2)	()	1	1	minor	minor	i	i, minor	V		i	i	True	V	V, minor		V, minor		V	V	5		2	2	2	3	3	A	A	D	D	major triad	0	True	True	True	True	True	0	0	0	False	False	False
212	2	53.0	52	4	E	0	2.5	0	2	4	2	1	1/8	True	-1	3	28	2	2b	3	53	False	True					False	53		V43	d	i		V43	V		43			Mm7	True	True	(2, -1, 1, 5)	()	1	2	minor	minor	i	i, minor	V		i	i	True	V43	V43, minor		V43, minor		V	V7	5		2	2	2	3	4	A	E	D	D	dominant seventh chord	2	True	True	True	True	True	2	2	2	True	False	True
212	1	53.0	71	5	B	0	2.5	0	2	4	1	1	1/16	True	-1	3	28	2	2b	4	53	False	True					False	53		V43	d	i		V43	V		43			Mm7	True	True	(2, -1, 1, 5)	()	1	2	minor	minor	i	i, minor	V		i	i	True	V43	V43, minor		V43, minor		V	V7	5		2	2	2	3	4	A	E	D	D	dominant seventh chord	2	True	True	True	True	True	3	3	3	False	False	False
213	1	53.25	73	7	C	1	2.75	0	2	4	1	1	1/16	True	-1	3	28	2	2b	5	213/4	False	False					False	53		V43	d	i		V43	V		43			Mm7	True	True	(2, -1, 1, 5)	()	1	2	minor	minor	i	i, minor	V		i	i	True	V43	V43, minor		V43, minor		V	V7	5		2	2	2	3	4	A	E	D	D	dominant seventh chord	2	True	True	True	True	True	5	5	5	True	False	False
214	2	53.5	53	-1	F	0	1.0	1	2	4	2	1	1/8	True	-1	4	29	3	3b	3	107/2	False	True					False	54		i6	d	i		i6	i		6			m	True	True	(-3, 1, 0)	()	0	-3	minor	minor	i	i, minor	i		i	i	True	i6	i6, minor		i6, minor		i	i	1		2	2	2	2	-1	D	F	D	D	minor triad	1	True	True	True	True	True	-3	-3	-3	True	False	True
214	1	53.5	74	2	D	0	1.0	1	2	4	1	1	1/16	True	-1	4	29	3	3b	5	107/2	False	True					False	54		i6	d	i		i6	i		6			m	True	True	(-3, 1, 0)	()	0	-3	minor	minor	i	i, minor	i		i	i	True	i6	i6, minor		i6, minor		i	i	1		2	2	2	2	-1	D	F	D	D	minor triad	1	True	True	True	True	True	0	0	0	True	True	False
215	1	53.75	76	4	E	0	1.25	0	2	4	1	1	1/16	True	-1	4	29	3	3b	5	215/4	False	False					False	54		i6	d	i		i6	i		6			m	True	True	(-3, 1, 0)	()	0	-3	minor	minor	i	i, minor	i		i	i	True	i6	i6, minor		i6, minor		i	i	1		2	2	2	2	-1	D	F	D	D	minor triad	1	True	True	True	True	True	2	2	2	False	False	False
216	2	54.0	57	3	A	0	1.5	0	2	4	2	1	1/8	True	-1	4	29	3	3b	3	54	False	True					False	55		V	d	i		V	V					M	True	True	(1, 5, 2)	()	1	1	minor	minor	i	i, minor	V		i	i	True	V	V, minor		V, minor		V	V	5		2	2	2	3	3	A	A	D	D	major triad	0	True	True	True	True	True	1	1	1	True	True	True
216	1	54.0	73	7	C	1	1.5	0	2	4	1	1	1/16	True	-1	4	29	3	3b	5	54	False	True					False	55		V	d	i		V	V					M	True	True	(1, 5, 2)	()	1	1	minor	minor	i	i, minor	V		i	i	True	V	V, minor		V, minor		V	V	5		2	2	2	3	3	A	A	D	D	major triad	0	True	True	True	True	True	5	5	5	True	False	False
217	1	54.25	74	2	D	0	1.75	0	2	4	1	1	1/16	True	-1	4	29	3	3b	5	217/4	False	False					False	55		V	d	i		V	V					M	True	True	(1, 5, 2)	()	1	1	minor	minor	i	i, minor	V		i	i	True	V	V, minor		V, minor		V	V	5		2	2	2	3	3	A	A	D	D	major triad	0	True	True	True	True	True	0	0	0	False	False	False
218	2	54.5	57	3	A	0	2.0	2	2	4	2	1	1/8	True	-1	4	29	3	3b	3	109/2	False	False					False	55		V	d	i		V	V					M	True	True	(1, 5, 2)	()	1	1	minor	minor	i	i, minor	V		i	i	True	V	V, minor		V, minor		V	V	5		2	2	2	3	3	A	A	D	D	major triad	0	True	True	True	True	True	1	1	1	True	True	True
218	1	54.5	76	4	E	0	2.0	2	2	4	1	1	1/16	True	-1	4	29	3	3b	5	109/2	False	False					False	55		V	d	i		V	V					M	True	True	(1, 5, 2)	()	1	1	minor	minor	i	i, minor	V		i	i	True	V	V, minor		V, minor		V	V	5		2	2	2	3	3	A	A	D	D	major triad	0	True	True	True	True	True	2	2	2	True	False	False
219	1	54.75	77	-1	F	0	2.25	0	2	4	1	1	1/16	True	-1	4	29	3	3b	5	219/4	False	False					False	55		V	d	i		V	V					M	True	True	(1, 5, 2)	()	1	1	minor	minor	i	i, minor	V		i	i	True	V	V, minor		V, minor		V	V	5		2	2	2	3	3	A	A	D	D	major triad	0	True	True	True	True	True	-3	-3	-3	False	False	False
220	2	55.0	49	7	C	1	2.5	0	2	4	2	1	1/8	True	-1	4	29	3	3b	3	55	False	True					False	56		V65	d	i		V65	V		65			Mm7	True	True	(5, 2, -1, 1)	()	1	5	minor	minor	i	i, minor	V		i	i	True	V65	V65, minor		V65, minor		V	V7	5		2	2	2	3	7	A	C#	D	D	dominant seventh chord	1	True	True	True	True	True	5	5	5	True	False	True
220	1	55.0	74	2	D	0	2.5	0	2	4	1	1	1/16	True	-1	4	29	3	3b	5	55	False	True					False	56		V65	d	i		V65	V		65			Mm7	True	True	(5, 2, -1, 1)	()	1	5	minor	minor	i	i, minor	V		i	i	True	V65	V65, minor		V65, minor		V	V7	5		2	2	2	3	7	A	C#	D	D	dominant seventh chord	1	True	True	True	True	True	0	0	0	False	False	False
221	1	55.25	76	4	E	0	2.75	0	2	4	1	1	1/16	True	-1	4	29	3	3b	5	221/4	False	False					False	56		V65	d	i		V65	V		65			Mm7	True	True	(5, 2, -1, 1)	()	1	5	minor	minor	i	i, minor	V		i	i	True	V65	V65, minor		V65, minor		V	V7	5		2	2	2	3	7	A	C#	D	D	dominant seventh chord	1	True	True	True	True	True	2	2	2	True	False	False
222	2	55.5	50	2	D	0	1.0	1	2	4	2	1	1/8	True	-1	5	30	4	4b	3	111/2	False	True					False	57		i	d	i		i	i					m	True	True	(0, -3, 1)	()	0	0	minor	minor	i	i, minor	i		i	i	True	i	i, minor		i, minor		i	i	1		2	2	2	2	2	D	D	D	D	minor triad	0	True	True	True	True	True	0	0	0	True	True	True
222	2	55.5	77	-1	F	0	1.0	1	2	4	1	1	1/8	True	-1	5	30	4	4b	5	111/2	False	True					False	57		i	d	i		i	i					m	True	True	(0, -3, 1)	()	0	0	minor	minor	i	i, minor	i		i	i	True	i	i, minor		i, minor		i	i	1		2	2	2	2	2	D	D	D	D	minor triad	0	True	True	True	True	True	-3	-3	-3	True	False	False
224	2	56.0	62	2	D	0	1.5	0	2	4	2	1	1/8	True	-1	5	30	4	4b	4	56	False	False					False	57		i	d	i		i	i					m	True	True	(0, -3, 1)	()	0	0	minor	minor	i	i, minor	i		i	i	True	i	i, minor		i, minor		i	i	1		2	2	2	2	2	D	D	D	D	minor triad	0	True	True	True	True	True	0	0	0	True	True	True
224	1	56.0	77	-1	F	0	1.5	0	2	4	1	1	1/16	True	-1	5	30	4	4b	5	56	False	False					False	57		i	d	i		i	i					m	True	True	(0, -3, 1)	()	0	0	minor	minor	i	i, minor	i		i	i	True	i	i, minor		i, minor		i	i	1		2	2	2	2	2	D	D	D	D	minor triad	0	True	True	True	True	True	-3	-3	-3	True	False	False
225	1	56.25	76	4	E	0	1.75	0	2	4	1	1	1/16	True	-1	5	30	4	4b	5	225/4	False	False					False	57		i	d	i		i	i					m	True	True	(0, -3, 1)	()	0	0	minor	minor	i	i, minor	i		i	i	True	i	i, minor		i, minor		i	i	1		2	2	2	2	2	D	D	D	D	minor triad	0	True	True	True	True	True	2	2	2	False	False	False
226	2	56.5	62	2	D	0	2.0	2	2	4	2	1	1/8	True	-1	5	30	4	4b	4	113/2	False	False					False	57		i	d	i		i	i					m	True	True	(0, -3, 1)	()	0	0	minor	minor	i	i, minor	i		i	i	True	i	i, minor		i, minor		i	i	1		2	2	2	2	2	D	D	D	D	minor triad	0	True	True	True	True	True	0	0	0	True	True	True
226	2	56.5	77	-1	F	0	2.0	2	2	4	1	1	1/8	True	-1	5	30	4	4b	5	113/2	False	False					False	57		i	d	i		i	i					m	True	True	(0, -3, 1)	()	0	0	minor	minor	i	i, minor	i		i	i	True	i	i, minor		i, minor		i	i	1		2	2	2	2	2	D	D	D	D	minor triad	0	True	True	True	True	True	-3	-3	-3	True	False	False
228	2	57.0	57	3	A	0	2.5	0	2	4	2	1	1/8	True	-1	5	30	4	4b	3	57	False	True					False	58		III.I6	d	III		I6	I		6			M	True	False	(4, 1, 0)	()	0	4	minor	major	III	III, minor	I		III	III	False	I6	I6, major		I6, major		I	I	1		2	-1	-1	2	6	D	F#	F	F	major triad	1	True	True	True	True	True	1	4	4	True	False	True
228	2	57.0	72	0	C	0	2.5	0	2	4	1	1	1/8	True	-1	5	30	4	4b	5	57	False	True					False	58		III.I6	d	III		I6	I		6			M	True	False	(4, 1, 0)	()	0	4	minor	major	III	III, minor	I		III	III	False	I6	I6, major		I6, major		I	I	1		2	-1	-1	2	6	D	F#	F	F	major triad	1	True	True	True	True	True	-2	1	1	True	False	False
230	2	57.5	58	-2	B	-1	1.0	1	2	4	2	1	1/8	True	-1	6	31	5	5b	3	115/2	False	True					False	59		IV	d	III		IV	IV					M	True	False	(-1, 3, 0)	()	-1	-1	minor	major	III	III, minor	IV		III	III	False	IV	IV, major		IV, major		IV	IV	4		2	-1	-1	1	1	G	G	F	F	major triad	0	True	True	True	True	True	-4	-1	-1	True	True	True
230	2	57.5	74	2	D	0	1.0	1	2	4	1	1	1/8	True	-1	6	31	5	5b	5	115/2	False	True					False	59		IV	d	III		IV	IV					M	True	False	(-1, 3, 0)	()	-1	-1	minor	major	III	III, minor	IV		III	III	False	IV	IV, major		IV, major		IV	IV	4		2	-1	-1	1	1	G	G	F	F	major triad	0	True	True	True	True	True	0	3	3	True	False	False
232	1	58.0	58	-2	B	-1	1.5	0	2	4	2	1	1/16	True	-1	6	31	5	5b	3	58	False	False					False	59		IV	d	III		IV	IV					M	True	False	(-1, 3, 0)	()	-1	-1	minor	major	III	III, minor	IV		III	III	False	IV	IV, major		IV, major		IV	IV	4		2	-1	-1	1	1	G	G	F	F	major triad	0	True	True	True	True	True	-4	-1	-1	True	True	True
232	2	58.0	74	2	D	0	1.5	0	2	4	1	1	1/8	True	-1	6	31	5	5b	5	58	False	False					False	59		IV	d	III		IV	IV					M	True	False	(-1, 3, 0)	()	-1	-1	minor	major	III	III, minor	IV		III	III	False	IV	IV, major		IV, major		IV	IV	4		2	-1	-1	1	1	G	G	F	F	major triad	0	True	True	True	True	True	0	3	3	True	False	False
233	1	58.25	57	3	A	0	1.75	0	2	4	2	1	1/16	True	-1	6	31	5	5b	3	233/4	False	False					False	59		IV	d	III		IV	IV					M	True	False	(-1, 3, 0)	()	-1	-1	minor	major	III	III, minor	IV		III	III	False	IV	IV, major		IV, major		IV	IV	4		2	-1	-1	1	1	G	G	F	F	major triad	0	True	True	True	True	True	1	4	4	False	False	False
234	2	58.5	58	-2	B	-1	2.0	2	2	4	2	1	1/8	True	-1	6	31	5	5b	3	117/2	False	False					False	59		IV	d	III		IV	IV					M	True	False	(-1, 3, 0)	()	-1	-1	minor	major	III	III, minor	IV		III	III	False	IV	IV, major		IV, major		IV	IV	4		2	-1	-1	1	1	G	G	F	F	major triad	0	True	True	True	True	True	-4	-1	-1	True	True	True
234	2	58.5	74	2	D	0	2.0	2	2	4	1	1	1/8	True	-1	6	31	5	5b	5	117/2	False	False					False	59		IV	d	III		IV	IV					M	True	False	(-1, 3, 0)	()	-1	-1	minor	major	III	III, minor	IV		III	III	False	IV	IV, major		IV, major		IV	IV	4		2	-1	-1	1	1	G	G	F	F	major triad	0	True	True	True	True	True	0	3	3	True	False	False
236	2	59.0	46	-2	B	-1	2.5	0	2	4	2	1	1/8	True	-1	6	31	5	5b	2	59	False	False					False	59		IV	d	III		IV	IV					M	True	False	(-1, 3, 0)	()	-1	-1	minor	major	III	III, minor	IV		III	III	False	IV	IV, major		IV, major		IV	IV	4		2	-1	-1	1	1	G	G	F	F	major triad	0	True	True	True	True	True	-4	-1	-1	True	True	True
236	1	59.0	72	0	C	0	2.5	0	2	4	1	1	1/16	True	-1	6	31	5	5b	5	59	False	False					False	59		IV	d	III		IV	IV					M	True	False	(-1, 3, 0)	()	-1	-1	minor	major	III	III, minor	IV		III	III	False	IV	IV, major		IV, major		IV	IV	4		2	-1	-1	1	1	G	G	F	F	major triad	0	True	True	True	True	True	-2	1	1	False	False	False
237	1	59.25	70	-2	B	-1	2.75	0	2	4	1	1	1/16	True	-1	6	31	5	5b	4	237/4	False	False					False	59		IV	d	III		IV	IV					M	True	False	(-1, 3, 0)	()	-1	-1	minor	major	III	III, minor	IV		III	III	False	IV	IV, major		IV, major		IV	IV	4		2	-1	-1	1	1	G	G	F	F	major triad	0	True	True	True	True	True	-4	-1	-1	True	True	True
238	2	59.5	53	-1	F	0	1.0	1	2	4	2	1	1/8	True	-1	7	32	6	6b	3	119/2	False	True					False	60		I	d	III		I	I					M	True	False	(0, 4, 1)	()	0	0	minor	major	III	III, minor	I		III	III	False	I	I, major		I, major		I	I	1		2	-1	-1	2	2	D	D	F	F	major triad	0	True	True	True	True	True	-3	0	0	True	True	True
238	2	59.5	69	3	A	0	1.0	1	2	4	1	1	1/8	True	-1	7	32	6	6b	4	119/2	False	True					False	60		I	d	III		I	I					M	True	False	(0, 4, 1)	()	0	0	minor	major	III	III, minor	I		III	III	False	I	I, major		I, major		I	I	1		2	-1	-1	2	2	D	D	F	F	major triad	0	True	True	True	True	True	1	4	4	True	False	False
240	2	60.0	65	-1	F	0	1.5	0	2	4	2	1	1/8	True	-1	7	32	6	6b	4	60	False	False					False	60		I	d	III		I	I					M	True	False	(0, 4, 1)	()	0	0	minor	major	III	III, minor	I		III	III	False	I	I, major		I, major		I	I	1		2	-1	-1	2	2	D	D	F	F	major triad	0	True	True	True	True	True	-3	0	0	True	True	True
240	2	60.0	81	3	A	0	1.5	0	2	4	1	1	1/8	True	-1	7	32	6	6b	5	60	False	False					False	60		I	d	III		I	I					M	True	False	(0, 4, 1)	()	0	0	minor	major	III	III, minor	I		III	III	False	I	I, major		I, major		I	I	1		2	-1	-1	2	2	D	D	F	F	major triad	0	True	True	True	True	True	1	4	4	True	False	False
242	2	60.5	65	-1	F	0	2.0	2	2	4	2	1	1/8	True	-1	7	32	6	6b	4	121/2	False	False					False	60		I	d	III		I	I					M	True	False	(0, 4, 1)	()	0	0	minor	major	III	III, minor	I		III	III	False	I	I, major		I, major		I	I	1		2	-1	-1	2	2	D	D	F	F	major triad	0	True	True	True	True	True	-3	0	0	True	True	True
242	2	60.5	81	3	A	0	2.0	2	2	4	1	1	1/8	True	-1	7	32	6	6b	5	121/2	False	False					False	60		I	d	III		I	I					M	True	False	(0, 4, 1)	()	0	0	minor	major	III	III, minor	I		III	III	False	I	I, major		I, major		I	I	1		2	-1	-1	2	2	D	D	F	F	major triad	0	True	True	True	True	True	1	4	4	True	False	False
244	2	61.0	60	0	C	0	2.5	0	2	4	2	1	1/8	True	-1	7	32	6	6b	4	61	False	True					False	61		iii6	d	III		iii6	iii		6			m	True	False	(1, 5, 4)	()	4	1	minor	major	III	III, minor	iii		III	III	False	iii6	iii6, major		iii6, major		iii	iii	3		2	-1	-1	6	3	F#	A	F	F	minor triad	1	True	True	True	True	True	-2	1	1	True	False	True
244	2	61.0	84	0	C	0	2.5	0	2	4	1	1	1/8	True	-1	7	32	6	6b	6	61	False	True					False	61		iii6	d	III		iii6	iii		6			m	True	False	(1, 5, 4)	()	4	1	minor	major	III	III, minor	iii		III	III	False	iii6	iii6, major		iii6, major		iii	iii	3		2	-1	-1	6	3	F#	A	F	F	minor triad	1	True	True	True	True	True	-2	1	1	True	False	True
246	2	61.5	62	2	D	0	1.0	1	2	4	2	1	1/8	True	-1	8	33	7	7b	4	123/2	False	True					False	62		vi	d	III		vi	vi					m	True	False	(3, 0, 4)	()	3	3	minor	major	III	III, minor	vi		III	III	False	vi	vi, major		vi, major		vi	vi	6		2	-1	-1	5	5	B	B	F	F	minor triad	0	True	True	True	True	True	0	3	3	True	True	True
246	2	61.5	77	-1	F	0	1.0	1	2	4	1	1	1/8	True	-1	8	33	7	7b	5	123/2	False	True					False	62		vi	d	III		vi	vi					m	True	False	(3, 0, 4)	()	3	3	minor	major	III	III, minor	vi		III	III	False	vi	vi, major		vi, major		vi	vi	6		2	-1	-1	5	5	B	B	F	F	minor triad	0	True	True	True	True	True	-3	0	0	True	False	False
248	1	62.0	62	2	D	0	1.5	0	2	4	2	1	1/16	True	-1	8	33	7	7b	4	62	False	False					False	62		vi	d	III		vi	vi					m	True	False	(3, 0, 4)	()	3	3	minor	major	III	III, minor	vi		III	III	False	vi	vi, major		vi, major		vi	vi	6		2	-1	-1	5	5	B	B	F	F	minor triad	0	True	True	True	True	True	0	3	3	True	True	True
248	2	62.0	77	-1	F	0	1.5	0	2	4	1	1	1/8	True	-1	8	33	7	7b	5	62	False	False					False	62		vi	d	III		vi	vi					m	True	False	(3, 0, 4)	()	3	3	minor	major	III	III, minor	vi		III	III	False	vi	vi, major		vi, major		vi	vi	6		2	-1	-1	5	5	B	B	F	F	minor triad	0	True	True	True	True	True	-3	0	0	True	False	False
249	1	62.25	60	0	C	0	1.75	0	2	4	2	1	1/16	True	-1	8	33	7	7b	4	249/4	False	False					False	62		vi	d	III		vi	vi					m	True	False	(3, 0, 4)	()	3	3	minor	major	III	III, minor	vi		III	III	False	vi	vi, major		vi, major		vi	vi	6		2	-1	-1	5	5	B	B	F	F	minor triad	0	True	True	True	True	True	-2	1	1	False	False	False
250	2	62.5	62	2	D	0	2.0	2	2	4	2	1	1/8	True	-1	8	33	7	7b	4	125/2	False	False					False	62		vi	d	III		vi	vi					m	True	False	(3, 0, 4)	()	3	3	minor	major	III	III, minor	vi		III	III	False	vi	vi, major		vi, major		vi	vi	6		2	-1	-1	5	5	B	B	F	F	minor triad	0	True	True	True	True	True	0	3	3	True	True	True
250	2	62.5	77	-1	F	0	2.0	2	2	4	1	1	1/8	True	-1	8	33	7	7b	5	125/2	False	False					False	62		vi	d	III		vi	vi					m	True	False	(3, 0, 4)	()	3	3	minor	major	III	III, minor	vi		III	III	False	vi	vi, major		vi, major		vi	vi	6		2	-1	-1	5	5	B	B	F	F	minor triad	0	True	True	True	True	True	-3	0	0	True	False	False
252	2	63.0	57	3	A	0	2.5	0	2	4	2	1	1/8	True	-1	8	33	7	7b	3	63	False	True					False	63		I6	d	III		I6	I		6			M	True	False	(4, 1, 0)	()	0	4	minor	major	III	III, minor	I		III	III	False	I6	I6, major		I6, major		I	I	1		2	-1	-1	2	6	D	F#	F	F	major triad	1	True	True	True	True	True	1	4	4	True	False	True
252	2	63.0	81	3	A	0	2.5	0	2	4	1	1	1/8	True	-1	8	33	7	7b	5	63	False	True					False	63		I6	d	III		I6	I		6			M	True	False	(4, 1, 0)	()	0	4	minor	major	III	III, minor	I		III	III	False	I6	I6, major		I6, major		I	I	1		2	-1	-1	2	6	D	F#	F	F	major triad	1	True	True	True	True	True	1	4	4	True	False	True
254	2	63.5	58	-2	B	-1	1.0	1	2	4	2	1	1/8	True	-1	9	34	8	8b	3	127/2	False	True					False	64		IV	d	III		IV	IV					M	True	False	(-1, 3, 0)	()	-1	-1	minor	major	III	III, minor	IV		III	III	False	IV	IV, major		IV, major		IV	IV	4		2	-1	-1	1	1	G	G	F	F	major triad	0	True	True	True	True	True	-4	-1	-1	True	True	True
254	2	63.5	74	2	D	0	1.0	1	2	4	1	1	1/8	True	-1	9	34	8	8b	5	127/2	False	True					False	64		IV	d	III		IV	IV					M	True	False	(-1, 3, 0)	()	-1	-1	minor	major	III	III, minor	IV		III	III	False	IV	IV, major		IV, major		IV	IV	4		2	-1	-1	1	1	G	G	F	F	major triad	0	True	True	True	True	True	0	3	3	True	False	False
256	1	64.0	62	2	D	0	1.5	0	2	4	2	1	1/16	True	-1	9	34	8	8b	4	64	False	False					False	64		IV	d	III		IV	IV					M	True	False	(-1, 3, 0)	()	-1	-1	minor	major	III	III, minor	IV		III	III	False	IV	IV, major		IV, major		IV	IV	4		2	-1	-1	1	1	G	G	F	F	major triad	0	True	True	True	True	True	0	3	3	True	False	False
256	1	64.0	77	-1	F	0	1.5	0	2	4	1	1	1/16	True	-1	9	34	8	8b	5	64	False	False					False	64		IV	d	III		IV	IV					M	True	False	(-1, 3, 0)	()	-1	-1	minor	major	III	III, minor	IV		III	III	False	IV	IV, major		IV, major		IV	IV	4		2	-1	-1	1	1	G	G	F	F	major triad	0	True	True	True	True	True	-3	0	0	True	False	False
257	1	64.25	60	0	C	0	1.75	0	2	4	2	1	1/16	True	-1	9	34	8	8b	4	257/4	False	False					False	64		IV	d	III		IV	IV					M	True	False	(-1, 3, 0)	()	-1	-1	minor	major	III	III, minor	IV		III	III	False	IV	IV, major		IV, major		IV	IV	4		2	-1	-1	1	1	G	G	F	F	major triad	0	True	True	True	True	True	-2	1	1	False	False	False
257	1	64.25	76	4	E	0	1.75	0	2	4	1	1	1/16	True	-1	9	34	8	8b	5	257/4	False	False					False	64		IV	d	III		IV	IV					M	True	False	(-1, 3, 0)	()	-1	-1	minor	major	III	III, minor	IV		III	III	False	IV	IV, major		IV, major		IV	IV	4		2	-1	-1	1	1	G	G	F	F	major triad	0	True	True	True	True	True	2	5	5	False	False	False
258	1	64.5	58	-2	B	-1	2.0	2	2	4	2	1	1/16	True	-1	9	34	8	8b	3	129/2	False	False					False	64		IV	d	III		IV	IV					M	True	False	(-1, 3, 0)	()	-1	-1	minor	major	III	III, minor	IV		III	III	False	IV	IV, major		IV, major		IV	IV	4		2	-1	-1	1	1	G	G	F	F	major triad	0	True	True	True	True	True	-4	-1	-1	True	True	True
258	1	64.5	74	2	D	0	2.0	2	2	4	1	1	1/16	True	-1	9	34	8	8b	5	129/2	False	False					False	64		IV	d	III		IV	IV					M	True	False	(-1, 3, 0)	()	-1	-1	minor	major	III	III, minor	IV		III	III	False	IV	IV, major		IV, major		IV	IV	4		2	-1	-1	1	1	G	G	F	F	major triad	0	True	True	True	True	True	0	3	3	True	False	False
259	1	64.75	57	3	A	0	2.25	0	2	4	2	1	1/16	True	-1	9	34	8	8b	3	259/4	False	False					False	64		IV	d	III		IV	IV					M	True	False	(-1, 3, 0)	()	-1	-1	minor	major	III	III, minor	IV		III	III	False	IV	IV, major		IV, major		IV	IV	4		2	-1	-1	1	1	G	G	F	F	major triad	0	True	True	True	True	True	1	4	4	False	False	False
259	1	64.75	72	0	C	0	2.25	0	2	4	1	1	1/16	True	-1	9	34	8	8b	5	259/4	False	False					False	64		IV	d	III		IV	IV					M	True	False	(-1, 3, 0)	()	-1	-1	minor	major	III	III, minor	IV		III	III	False	IV	IV, major		IV, major		IV	IV	4		2	-1	-1	1	1	G	G	F	F	major triad	0	True	True	True	True	True	-2	1	1	False	False	False
260	1	65.0	55	1	G	0	2.5	0	2	4	2	1	1/16	True	-1	9	34	8	8b	3	65	False	False					False	64		IV	d	III		IV	IV					M	True	False	(-1, 3, 0)	()	-1	-1	minor	major	III	III, minor	IV		III	III	False	IV	IV, major		IV, major		IV	IV	4		2	-1	-1	1	1	G	G	F	F	major triad	0	True	True	True	True	True	-1	2	2	False	False	False
260	1	65.0	70	-2	B	-1	2.5	0	2	4	1	1	1/16	True	-1	9	34	8	8b	4	65	False	False					False	64		IV	d	III		IV	IV					M	True	False	(-1, 3, 0)	()	-1	-1	minor	major	III	III, minor	IV		III	III	False	IV	IV, major		IV, major		IV	IV	4		2	-1	-1	1	1	G	G	F	F	major triad	0	True	True	True	True	True	-4	-1	-1	True	True	True
261	1	65.25	53	-1	F	0	2.75	0	2	4	2	1	1/16	True	-1	9	34	8	8b	3	261/4	False	False					False	64		IV	d	III		IV	IV					M	True	False	(-1, 3, 0)	()	-1	-1	minor	major	III	III, minor	IV		III	III	False	IV	IV, major		IV, major		IV	IV	4		2	-1	-1	1	1	G	G	F	F	major triad	0	True	True	True	True	True	-3	0	0	True	False	False
261	1	65.25	69	3	A	0	2.75	0	2	4	1	1	1/16	True	-1	9	34	8	8b	4	261/4	False	False					False	64		IV	d	III		IV	IV					M	True	False	(-1, 3, 0)	()	-1	-1	minor	major	III	III, minor	IV		III	III	False	IV	IV, major		IV, major		IV	IV	4		2	-1	-1	1	1	G	G	F	F	major triad	0	True	True	True	True	True	1	4	4	False	False	False
262	2	65.5	52	4	E	0	1.0	1	2	4	2	1	1/8	True	-1	10	35	9	9b	3	131/2	False	True					False	65		V65	d	III		V65	V		65			Mm7	True	False	(5, 2, -1, 1)	()	1	5	minor	major	III	III, minor	V		III	III	False	V65	V65, major		V65, major		V	V7	5		2	-1	-1	3	7	A	C#	F	F	dominant seventh chord	1	True	True	True	True	True	2	5	5	True	False	True
262	2	65.5	67	1	G	0	1.0	1	2	4	1	1	1/8	True	-1	10	35	9	9b	4	131/2	False	True					False	65		V65	d	III		V65	V		65			Mm7	True	False	(5, 2, -1, 1)	()	1	5	minor	major	III	III, minor	V		III	III	False	V65	V65, major		V65, major		V	V7	5		2	-1	-1	3	7	A	C#	F	F	dominant seventh chord	1	True	True	True	True	True	-1	2	2	True	False	False
264	2	66.0	53	-1	F	0	1.5	0	2	4	2	1	1/8	True	-1	10	35	9	9b	3	66	False	True					False	66		I	d	III		I	I					M	True	False	(0, 4, 1)	()	0	0	minor	major	III	III, minor	I		III	III	False	I	I, major		I, major		I	I	1		2	-1	-1	2	2	D	D	F	F	major triad	0	True	True	True	True	True	-3	0	0	True	True	True
264	2	66.0	69	3	A	0	1.5	0	2	4	1	1	1/8	True	-1	10	35	9	9b	4	66	False	True					False	66		I	d	III		I	I					M	True	False	(0, 4, 1)	()	0	0	minor	major	III	III, minor	I		III	III	False	I	I, major		I, major		I	I	1		2	-1	-1	2	2	D	D	F	F	major triad	0	True	True	True	True	True	1	4	4	True	False	False
266	2	66.5	48	0	C	0	2.0	2	2	4	2	1	1/8	True	-1	10	35	9	9b	3	133/2	False	True					False	67		V	d	III		V	V					M	True	False	(1, 5, 2)	()	1	1	minor	major	III	III, minor	V		III	III	False	V	V, major		V, major		V	V	5		2	-1	-1	3	3	A	A	F	F	major triad	0	True	True	True	True	True	-2	1	1	True	True	True
266	3	66.5	67	1	G	0	2.0	2	2	4	1	1	3/16	True	-1	10	35	9	9b	4	133/2	False	True					False	67		V	d	III		V	V					M	True	False	(1, 5, 2)	()	1	1	minor	major	III	III, minor	V		III	III	False	V	V, major		V, major		V	V	5		2	-1	-1	3	3	A	A	F	F	major triad	0	True	True	True	True	True	-1	2	2	True	False	False
268	2	67.0	36	0	C	0	2.5	0	2	4	2	1	1/8	True	-1	10	35	9	9b	2	67	False	False					False	67		V	d	III		V	V					M	True	False	(1, 5, 2)	()	1	1	minor	major	III	III, minor	V		III	III	False	V	V, major		V, major		V	V	5		2	-1	-1	3	3	A	A	F	F	major triad	0	True	True	True	True	True	-2	1	1	True	True	True
269	1	67.25	65	-1	F	0	2.75	0	2	4	1	1	1/16	True	-1	10	35	9	9b	4	269/4	False	True					False	68		V7	d	III		V7	V		7			Mm7	True	False	(1, 5, 2, -1)	()	1	1	minor	major	III	III, minor	V		III	III	False	V7	V7, major		V7, major		V	V7	5		2	-1	-1	3	3	A	A	F	F	dominant seventh chord	7	True	True	True	True	True	-3	0	0	False	False	False
270	2	67.5	41	-1	F	0	1.0	1	2	4	2	1	1/8	True	-1	11	36	10	10b	2	135/2	False	True	PAC	PAC		}	True	69		I|PAC}	d	III		I	I					M	True	False	(0, 4, 1)	()	0	0	minor	major	III	III, minor	I		III	III	False	I	I, major		I, major		I	I	1		2	-1	-1	2	2	D	D	F	F	major triad	0	True	True	True	True	True	-3	0	0	True	True	True
270	2	67.5	57	3	A	0	1.0	1	2	4	1	1	1/8	True	-1	11	36	10	10b	3	135/2	False	True	PAC	PAC		}	True	69		I|PAC}	d	III		I	I					M	True	False	(0, 4, 1)	()	0	0	minor	major	III	III, minor	I		III	III	False	I	I, major		I, major		I	I	1		2	-1	-1	2	2	D	D	F	F	major triad	0	True	True	True	True	True	1	4	4	True	False	False
270	2	67.5	60	0	C	0	1.0	1	2	4	1	1	1/8	True	-1	11	36	10	10b	4	135/2	False	True	PAC	PAC		}	True	69		I|PAC}	d	III		I	I					M	True	False	(0, 4, 1)	()	0	0	minor	major	III	III, minor	I		III	III	False	I	I, major		I, major		I	I	1		2	-1	-1	2	2	D	D	F	F	major triad	0	True	True	True	True	True	-2	1	1	True	False	False
270	2	67.5	65	-1	F	0	1.0	1	2	4	1	1	1/8	True	-1	11	36	10	10b	4	135/2	False	True	PAC	PAC		}	True	69		I|PAC}	d	III		I	I					M	True	False	(0, 4, 1)	()	0	0	minor	major	III	III, minor	I		III	III	False	I	I, major		I, major		I	I	1		2	-1	-1	2	2	D	D	F	F	major triad	0	True	True	True	True	True	-3	0	0	True	True	True
272	1	68.0	53	-1	F	0	1.5	0	2	4	2	1	1/16	True	-1	11	36	10	10b	3	68	False	False				{	False	70		{	d	III		I	I					M	True	False	()	()	0	0	minor	major	III	III, minor	I		III	III	False		, major		I, major		I	I	1		2	-1	-1	2	2	D	D	F	F	None	0	False	True	True	True	True	-3	0	0	False	True	True
272	2	68.0	72	0	C	0	1.5	0	2	4	1	1	1/8	True	-1	11	36	10	10b	5	68	False	False				{	False	70		{	d	III		I	I					M	True	False	()	()	0	0	minor	major	III	III, minor	I		III	III	False		, major		I, major		I	I	1		2	-1	-1	2	2	D	D	F	F	None	0	False	True	True	True	True	-2	1	1	False	False	False
273	1	68.25	52	4	E	0	1.75	0	2	4	2	1	1/16	True	-1	11	36	10	10b	3	273/4	False	False					False	70		{	d	III		I	I					M	True	False	()	()	0	0	minor	major	III	III, minor	I		III	III	False		, major		I, major		I	I	1		2	-1	-1	2	2	D	D	F	F	None	0	False	True	True	True	True	2	5	5	False	False	False
274	2	68.5	53	-1	F	0	2.0	2	2	4	2	1	1/8	True	-1	11	36	10	10b	3	137/2	False	False					False	70		{	d	III		I	I					M	True	False	()	()	0	0	minor	major	III	III, minor	I		III	III	False		, major		I, major		I	I	1		2	-1	-1	2	2	D	D	F	F	None	0	False	True	True	True	True	-3	0	0	False	True	True
274	2	68.5	72	0	C	0	2.0	2	2	4	1	1	1/8	True	-1	11	36	10	10b	5	137/2	False	False					False	70		{	d	III		I	I					M	True	False	()	()	0	0	minor	major	III	III, minor	I		III	III	False		, major		I, major		I	I	1		2	-1	-1	2	2	D	D	F	F	None	0	False	True	True	True	True	-2	1	1	False	False	False
276	2	69.0	52	4	E	0	2.5	0	2	4	2	1	1/8	True	-1	11	36	10	10b	3	69	False	True					False	71		iv.IV6	d	iv		IV6	IV		6			M	True	True	(3, 0, -1)	()	-1	3	minor	minor	iv	iv, minor	IV		iv	iv	True	IV6	IV6, minor		IV6, minor		IV	IV	4		2	1	1	1	5	G	B	G	G	major triad	1	True	True	True	True	True	2	3	3	True	False	True
276	2	69.0	67	1	G	0	2.5	0	2	4	1	1	1/8	True	-1	11	36	10	10b	4	69	False	True					False	71		iv.IV6	d	iv		IV6	IV		6			M	True	True	(3, 0, -1)	()	-1	3	minor	minor	iv	iv, minor	IV		iv	iv	True	IV6	IV6, minor		IV6, minor		IV	IV	4		2	1	1	1	5	G	B	G	G	major triad	1	True	True	True	True	True	-1	0	0	True	False	False
278	2	69.5	50	2	D	0	1.0	1	2	4	2	1	1/8	True	-1	12	37	11	11b	3	139/2	False	True					False	72		V7	d	iv		V7	V		7			Mm7	True	True	(1, 5, 2, -1)	()	1	1	minor	minor	iv	iv, minor	V		iv	iv	True	V7	V7, minor		V7, minor		V	V7	5		2	1	1	3	3	A	A	G	G	dominant seventh chord	7	True	True	True	True	True	0	1	1	True	True	True
278	2	69.5	66	6	F	1	1.0	1	2	4	1	1	1/8	True	-1	12	37	11	11b	4	139/2	False	True					False	72		V7	d	iv		V7	V		7			Mm7	True	True	(1, 5, 2, -1)	()	1	1	minor	minor	iv	iv, minor	V		iv	iv	True	V7	V7, minor		V7, minor		V	V7	5		2	1	1	3	3	A	A	G	G	dominant seventh chord	7	True	True	True	True	True	4	5	5	True	False	False
280	2	70.0	52	4	E	0	1.5	0	2	4	2	1	1/8	True	-1	12	37	11	11b	3	70	False	False					False	72		V7	d	iv		V7	V		7			Mm7	True	True	(1, 5, 2, -1)	()	1	1	minor	minor	iv	iv, minor	V		iv	iv	True	V7	V7, minor		V7, minor		V	V7	5		2	1	1	3	3	A	A	G	G	dominant seventh chord	7	True	True	True	True	True	2	3	3	False	False	False
280	1	70.0	74	2	D	0	1.5	0	2	4	1	1	1/16	True	-1	12	37	11	11b	5	70	False	False					False	72		V7	d	iv		V7	V		7			Mm7	True	True	(1, 5, 2, -1)	()	1	1	minor	minor	iv	iv, minor	V		iv	iv	True	V7	V7, minor		V7, minor		V	V7	5		2	1	1	3	3	A	A	G	G	dominant seventh chord	7	True	True	True	True	True	0	1	1	True	True	True
281	1	70.25	72	0	C	0	1.75	0	2	4	1	1	1/16	True	-1	12	37	11	11b	5	281/4	False	False					False	72		V7	d	iv		V7	V		7			Mm7	True	True	(1, 5, 2, -1)	()	1	1	minor	minor	iv	iv, minor	V		iv	iv	True	V7	V7, minor		V7, minor		V	V7	5		2	1	1	3	3	A	A	G	G	dominant seventh chord	7	True	True	True	True	True	-2	-1	-1	True	False	False
282	2	70.5	54	6	F	1	2.0	2	2	4	2	1	1/8	True	-1	12	37	11	11b	3	141/2	False	True					False	73		V65	d	iv		V65	V		65			Mm7	True	True	(5, 2, -1, 1)	()	1	5	minor	minor	iv	iv, minor	V		iv	iv	True	V65	V65, minor		V65, minor		V	V7	5		2	1	1	3	7	A	C#	G	G	dominant seventh chord	1	True	True	True	True	True	4	5	5	True	False	True
282	1	70.5	74	2	D	0	2.0	2	2	4	1	1	1/16	True	-1	12	37	11	11b	5	141/2	False	True					False	73		V65	d	iv		V65	V		65			Mm7	True	True	(5, 2, -1, 1)	()	1	5	minor	minor	iv	iv, minor	V		iv	iv	True	V65	V65, minor		V65, minor		V	V7	5		2	1	1	3	7	A	C#	G	G	dominant seventh chord	1	True	True	True	True	True	0	1	1	True	True	False
283	1	70.75	72	0	C	0	2.25	0	2	4	1	1	1/16	True	-1	12	37	11	11b	5	283/4	False	False					False	73		V65	d	iv		V65	V		65			Mm7	True	True	(5, 2, -1, 1)	()	1	5	minor	minor	iv	iv, minor	V		iv	iv	True	V65	V65, minor		V65, minor		V	V7	5		2	1	1	3	7	A	C#	G	G	dominant seventh chord	1	True	True	True	True	True	-2	-1	-1	True	False	False
284	2	71.0	50	2	D	0	2.5	0	2	4	2	1	1/8	True	-1	12	37	11	11b	3	71	False	False					False	73		V65	d	iv		V65	V		65			Mm7	True	True	(5, 2, -1, 1)	()	1	5	minor	minor	iv	iv, minor	V		iv	iv	True	V65	V65, minor		V65, minor		V	V7	5		2	1	1	3	7	A	C#	G	G	dominant seventh chord	1	True	True	True	True	True	0	1	1	True	True	False
284	1	71.0	70	-2	B	-1	2.5	0	2	4	1	1	1/16	True	-1	12	37	11	11b	4	71	False	False					False	73		V65	d	iv		V65	V		65			Mm7	True	True	(5, 2, -1, 1)	()	1	5	minor	minor	iv	iv, minor	V		iv	iv	True	V65	V65, minor		V65, minor		V	V7	5		2	1	1	3	7	A	C#	G	G	dominant seventh chord	1	True	True	True	True	True	-4	-3	-3	False	False	False
285	1	71.25	69	3	A	0	2.75	0	2	4	1	1	1/16	True	-1	12	37	11	11b	4	285/4	False	False					False	73		V65	d	iv		V65	V		65			Mm7	True	True	(5, 2, -1, 1)	()	1	5	minor	minor	iv	iv, minor	V		iv	iv	True	V65	V65, minor		V65, minor		V	V7	5		2	1	1	3	7	A	C#	G	G	dominant seventh chord	1	True	True	True	True	True	1	2	2	True	False	False
286	0	71.5	69	3	A	0	1.0	1	2	4	1	1	0	True	-1	13	38	12	12b	4	143/2	False	True					False	74		i	d	iv		i	i					m	True	True	(0, -3, 1)	()	0	0	minor	minor	iv	iv, minor	i		iv	iv	True	i	i, minor		i, minor		i	i	1		2	1	1	2	2	D	D	G	G	minor triad	0	True	True	True	True	True	1	2	2	False	False	False
286	2	71.5	55	1	G	0	1.0	1	2	4	2	1	1/8	True	-1	13	38	12	12b	3	143/2	False	True					False	74		i	d	iv		i	i					m	True	True	(0, -3, 1)	()	0	0	minor	minor	iv	iv, minor	i		iv	iv	True	i	i, minor		i, minor		i	i	1		2	1	1	2	2	D	D	G	G	minor triad	0	True	True	True	True	True	-1	0	0	True	True	True
286	2	71.5	70	-2	B	-1	1.0	1	2	4	1	1	1/8	True	-1	13	38	12	12b	4	143/2	False	True					False	74		i	d	iv		i	i					m	True	True	(0, -3, 1)	()	0	0	minor	minor	iv	iv, minor	i		iv	iv	True	i	i, minor		i, minor		i	i	1		2	1	1	2	2	D	D	G	G	minor triad	0	True	True	True	True	True	-4	-3	-3	True	False	False
288	1	72.0	55	1	G	0	1.5	0	2	4	2	1	1/16	True	-1	13	38	12	12b	3	72	False	False					False	74		i	d	iv		i	i					m	True	True	(0, -3, 1)	()	0	0	minor	minor	iv	iv, minor	i		iv	iv	True	i	i, minor		i, minor		i	i	1		2	1	1	2	2	D	D	G	G	minor triad	0	True	True	True	True	True	-1	0	0	True	True	True
288	2	72.0	74	2	D	0	1.5	0	2	4	1	1	1/8	True	-1	13	38	12	12b	5	72	False	False					False	74		i	d	iv		i	i					m	True	True	(0, -3, 1)	()	0	0	minor	minor	iv	iv, minor	i		iv	iv	True	i	i, minor		i, minor		i	i	1		2	1	1	2	2	D	D	G	G	minor triad	0	True	True	True	True	True	0	1	1	True	False	False
289	1	72.25	53	-1	F	0	1.75	0	2	4	2	1	1/16	True	-1	13	38	12	12b	3	289/4	False	False					False	74		i	d	iv		i	i					m	True	True	(0, -3, 1)	()	0	0	minor	minor	iv	iv, minor	i		iv	iv	True	i	i, minor		i, minor		i	i	1		2	1	1	2	2	D	D	G	G	minor triad	0	True	True	True	True	True	-3	-2	-2	False	False	False
290	2	72.5	55	1	G	0	2.0	2	2	4	2	1	1/8	True	-1	13	38	12	12b	3	145/2	False	False					False	74		i	d	iv		i	i					m	True	True	(0, -3, 1)	()	0	0	minor	minor	iv	iv, minor	i		iv	iv	True	i	i, minor		i, minor		i	i	1		2	1	1	2	2	D	D	G	G	minor triad	0	True	True	True	True	True	-1	0	0	True	True	True
290	2	72.5	74	2	D	0	2.0	2	2	4	1	1	1/8	True	-1	13	38	12	12b	5	145/2	False	False					False	74		i	d	iv		i	i					m	True	True	(0, -3, 1)	()	0	0	minor	minor	iv	iv, minor	i		iv	iv	True	i	i, minor		i, minor		i	i	1		2	1	1	2	2	D	D	G	G	minor triad	0	True	True	True	True	True	0	1	1	True	False	False
292	2	73.0	53	-1	F	0	2.5	0	2	4	2	1	1/8	True	-1	13	38	12	12b	3	73	False	True					False	75		v.iv6	d	v		iv6	iv		6			m	True	True	(-4, 0, -1)	()	-1	-4	minor	minor	v	v, minor	iv		v	v	True	iv6	iv6, minor		iv6, minor		iv	iv	4		2	3	3	1	-2	G	Bb	A	A	minor triad	1	True	True	True	True	True	-3	-4	-4	True	False	True
292	2	73.0	69	3	A	0	2.5	0	2	4	1	1	1/8	True	-1	13	38	12	12b	4	73	False	True					False	75		v.iv6	d	v		iv6	iv		6			m	True	True	(-4, 0, -1)	()	-1	-4	minor	minor	v	v, minor	iv		v	v	True	iv6	iv6, minor		iv6, minor		iv	iv	4		2	3	3	1	-2	G	Bb	A	A	minor triad	1	True	True	True	True	True	1	0	0	True	False	False
294	2	73.5	52	4	E	0	1.0	1	2	4	2	1	1/8	True	-1	14	39	13	13b	3	147/2	False	True					False	76		V7	d	v		V7	V		7			Mm7	True	True	(1, 5, 2, -1)	()	1	1	minor	minor	v	v, minor	V		v	v	True	V7	V7, minor		V7, minor		V	V7	5		2	3	3	3	3	A	A	A	A	dominant seventh chord	7	True	True	True	True	True	2	1	1	True	True	True
294	2	73.5	68	8	G	1	1.0	1	2	4	1	1	1/8	True	-1	14	39	13	13b	4	147/2	False	True					False	76		V7	d	v		V7	V		7			Mm7	True	True	(1, 5, 2, -1)	()	1	1	minor	minor	v	v, minor	V		v	v	True	V7	V7, minor		V7, minor		V	V7	5		2	3	3	3	3	A	A	A	A	dominant seventh chord	7	True	True	True	True	True	6	5	5	True	False	False
296	2	74.0	54	6	F	1	1.5	0	2	4	2	1	1/8	True	-1	14	39	13	13b	3	74	False	False					False	76		V7	d	v		V7	V		7			Mm7	True	True	(1, 5, 2, -1)	()	1	1	minor	minor	v	v, minor	V		v	v	True	V7	V7, minor		V7, minor		V	V7	5		2	3	3	3	3	A	A	A	A	dominant seventh chord	7	True	True	True	True	True	4	3	3	False	False	False
296	1	74.0	76	4	E	0	1.5	0	2	4	1	1	1/16	True	-1	14	39	13	13b	5	74	False	False					False	76		V7	d	v		V7	V		7			Mm7	True	True	(1, 5, 2, -1)	()	1	1	minor	minor	v	v, minor	V		v	v	True	V7	V7, minor		V7, minor		V	V7	5		2	3	3	3	3	A	A	A	A	dominant seventh chord	7	True	True	True	True	True	2	1	1	True	True	True
297	1	74.25	74	2	D	0	1.75	0	2	4	1	1	1/16	True	-1	14	39	13	13b	5	297/4	False	False					False	76		V7	d	v		V7	V		7			Mm7	True	True	(1, 5, 2, -1)	()	1	1	minor	minor	v	v, minor	V		v	v	True	V7	V7, minor		V7, minor		V	V7	5		2	3	3	3	3	A	A	A	A	dominant seventh chord	7	True	True	True	True	True	0	-1	-1	True	False	False
298	2	74.5	56	8	G	1	2.0	2	2	4	2	1	1/8	True	-1	14	39	13	13b	3	149/2	False	False					False	76		V7	d	v		V7	V		7			Mm7	True	True	(1, 5, 2, -1)	()	1	1	minor	minor	v	v, minor	V		v	v	True	V7	V7, minor		V7, minor		V	V7	5		2	3	3	3	3	A	A	A	A	dominant seventh chord	7	True	True	True	True	True	6	5	5	True	False	False
298	1	74.5	76	4	E	0	2.0	2	2	4	1	1	1/16	True	-1	14	39	13	13b	5	149/2	False	False					False	76		V7	d	v		V7	V		7			Mm7	True	True	(1, 5, 2, -1)	()	1	1	minor	minor	v	v, minor	V		v	v	True	V7	V7, minor		V7, minor		V	V7	5		2	3	3	3	3	A	A	A	A	dominant seventh chord	7	True	True	True	True	True	2	1	1	True	True	True
299	1	74.75	74	2	D	0	2.25	0	2	4	1	1	1/16	True	-1	14	39	13	13b	5	299/4	False	False					False	76		V7	d	v		V7	V		7			Mm7	True	True	(1, 5, 2, -1)	()	1	1	minor	minor	v	v, minor	V		v	v	True	V7	V7, minor		V7, minor		V	V7	5		2	3	3	3	3	A	A	A	A	dominant seventh chord	7	True	True	True	True	True	0	-1	-1	True	False	False
300	2	75.0	52	4	E	0	2.5	0	2	4	2	1	1/8	True	-1	14	39	13	13b	3	75	False	False					False	76		V7	d	v		V7	V		7			Mm7	True	True	(1, 5, 2, -1)	()	1	1	minor	minor	v	v, minor	V		v	v	True	V7	V7, minor		V7, minor		V	V7	5		2	3	3	3	3	A	A	A	A	dominant seventh chord	7	True	True	True	True	True	2	1	1	True	True	True
300	1	75.0	72	0	C	0	2.5	0	2	4	1	1	1/16	True	-1	14	39	13	13b	5	75	False	False					False	76		V7	d	v		V7	V		7			Mm7	True	True	(1, 5, 2, -1)	()	1	1	minor	minor	v	v, minor	V		v	v	True	V7	V7, minor		V7, minor		V	V7	5		2	3	3	3	3	A	A	A	A	dominant seventh chord	7	True	True	True	True	True	-2	-3	-3	False	False	False
301	1	75.25	71	5	B	0	2.75	0	2	4	1	1	1/16	True	-1	14	39	13	13b	4	301/4	False	False					False	76		V7	d	v		V7	V		7			Mm7	True	True	(1, 5, 2, -1)	()	1	1	minor	minor	v	v, minor	V		v	v	True	V7	V7, minor		V7, minor		V	V7	5		2	3	3	3	3	A	A	A	A	dominant seventh chord	7	True	True	True	True	True	3	2	2	True	False	False
302	0	75.5	71	5	B	0	1.0	1	2	4	1	1	0	True	-1	15	40	14	14b	4	151/2	False	True					False	77		i	d	v		i	i					m	True	True	(0, -3, 1)	()	0	0	minor	minor	v	v, minor	i		v	v	True	i	i, minor		i, minor		i	i	1		2	3	3	2	2	D	D	A	A	minor triad	0	True	True	True	True	True	3	2	2	False	False	False
302	2	75.5	57	3	A	0	1.0	1	2	4	2	1	1/8	True	-1	15	40	14	14b	3	151/2	False	True					False	77		i	d	v		i	i					m	True	True	(0, -3, 1)	()	0	0	minor	minor	v	v, minor	i		v	v	True	i	i, minor		i, minor		i	i	1		2	3	3	2	2	D	D	A	A	minor triad	0	True	True	True	True	True	1	0	0	True	True	True
302	2	75.5	72	0	C	0	1.0	1	2	4	1	1	1/8	True	-1	15	40	14	14b	5	151/2	False	True					False	77		i	d	v		i	i					m	True	True	(0, -3, 1)	()	0	0	minor	minor	v	v, minor	i		v	v	True	i	i, minor		i, minor		i	i	1		2	3	3	2	2	D	D	A	A	minor triad	0	True	True	True	True	True	-2	-3	-3	True	False	False
304	1	76.0	62	2	D	0	1.5	0	2	4	2	1	1/16	True	-1	15	40	14	14b	4	76	False	True					False	78		iv	d	v		iv	iv					m	True	True	(-1, -4, 0)	()	-1	-1	minor	minor	v	v, minor	iv		v	v	True	iv	iv, minor		iv, minor		iv	iv	4		2	3	3	1	1	G	G	A	A	minor triad	0	True	True	True	True	True	0	-1	-1	True	True	True
304	2	76.0	77	-1	F	0	1.5	0	2	4	1	1	1/8	True	-1	15	40	14	14b	5	76	False	True					False	78		iv	d	v		iv	iv					m	True	True	(-1, -4, 0)	()	-1	-1	minor	minor	v	v, minor	iv		v	v	True	iv	iv, minor		iv, minor		iv	iv	4		2	3	3	1	1	G	G	A	A	minor triad	0	True	True	True	True	True	-3	-4	-4	True	False	False
305	1	76.25	60	0	C	0	1.75	0	2	4	2	1	1/16	True	-1	15	40	14	14b	4	305/4	False	False					False	78		iv	d	v		iv	iv					m	True	True	(-1, -4, 0)	()	-1	-1	minor	minor	v	v, minor	iv		v	v	True	iv	iv, minor		iv, minor		iv	iv	4		2	3	3	1	1	G	G	A	A	minor triad	0	True	True	True	True	True	-2	-3	-3	False	False	False
306	1	76.5	62	2	D	0	2.0	2	2	4	2	1	1/16	True	-1	15	40	14	14b	4	153/2	False	False					False	78		iv	d	v		iv	iv					m	True	True	(-1, -4, 0)	()	-1	-1	minor	minor	v	v, minor	iv		v	v	True	iv	iv, minor		iv, minor		iv	iv	4		2	3	3	1	1	G	G	A	A	minor triad	0	True	True	True	True	True	0	-1	-1	True	True	True
306	2	76.5	77	-1	F	0	2.0	2	2	4	1	1	1/8	True	-1	15	40	14	14b	5	153/2	False	False					False	78		iv	d	v		iv	iv					m	True	True	(-1, -4, 0)	()	-1	-1	minor	minor	v	v, minor	iv		v	v	True	iv	iv, minor		iv, minor		iv	iv	4		2	3	3	1	1	G	G	A	A	minor triad	0	True	True	True	True	True	-3	-4	-4	True	False	False
307	1	76.75	60	0	C	0	2.25	0	2	4	2	1	1/16	True	-1	15	40	14	14b	4	307/4	False	False					False	78		iv	d	v		iv	iv					m	True	True	(-1, -4, 0)	()	-1	-1	minor	minor	v	v, minor	iv		v	v	True	iv	iv, minor		iv, minor		iv	iv	4		2	3	3	1	1	G	G	A	A	minor triad	0	True	True	True	True	True	-2	-3	-3	False	False	False
308	1	77.0	59	5	B	0	2.5	0	2	4	2	1	1/16	True	-1	15	40	14	14b	3	77	False	False					False	78		iv	d	v		iv	iv					m	True	True	(-1, -4, 0)	()	-1	-1	minor	minor	v	v, minor	iv		v	v	True	iv	iv, minor		iv, minor		iv	iv	4		2	3	3	1	1	G	G	A	A	minor triad	0	True	True	True	True	True	3	2	2	False	False	False
308	2	77.0	72	0	C	0	2.5	0	2	4	1	1	1/8	True	-1	15	40	14	14b	5	77	False	False					False	78		iv	d	v		iv	iv					m	True	True	(-1, -4, 0)	()	-1	-1	minor	minor	v	v, minor	iv		v	v	True	iv	iv, minor		iv, minor		iv	iv	4		2	3	3	1	1	G	G	A	A	minor triad	0	True	True	True	True	True	-2	-3	-3	False	False	False
309	1	77.25	57	3	A	0	2.75	0	2	4	2	1	1/16	True	-1	15	40	14	14b	3	309/4	False	False					False	78		iv	d	v		iv	iv					m	True	True	(-1, -4, 0)	()	-1	-1	minor	minor	v	v, minor	iv		v	v	True	iv	iv, minor		iv, minor		iv	iv	4		2	3	3	1	1	G	G	A	A	minor triad	0	True	True	True	True	True	1	0	0	True	False	False
310	2	77.5	55	1	G	0	1.0	1	2	4	2	1	1/8	True	-1	16	41	15	15b	3	155/2	False	True					False	79		VII7	d	v		VII7	VII		7			Mm7	True	True	(-2, 2, -1, -4)	()	-2	-2	minor	minor	v	v, minor	VII		v	v	True	VII7	VII7, minor		VII7, minor		VII	VII7	7		2	3	3	0	0	C	C	A	A	dominant seventh chord	7	True	True	True	True	True	-1	-2	-2	True	True	True
310	2	77.5	71	5	B	0	1.0	1	2	4	1	1	1/8	True	-1	16	41	15	15b	4	155/2	False	True					False	79		VII7	d	v		VII7	VII		7			Mm7	True	True	(-2, 2, -1, -4)	()	-2	-2	minor	minor	v	v, minor	VII		v	v	True	VII7	VII7, minor		VII7, minor		VII	VII7	7		2	3	3	0	0	C	C	A	A	dominant seventh chord	7	True	True	True	True	True	3	2	2	True	False	False
312	1	78.0	60	0	C	0	1.5	0	2	4	2	1	1/16	True	-1	16	41	15	15b	4	78	False	True					False	80		III	d	v		III	III					M	True	True	(-3, 1, -2)	()	-3	-3	minor	minor	v	v, minor	III		v	v	True	III	III, minor		III, minor		III	III	3		2	3	3	-1	-1	F	F	A	A	major triad	0	True	True	True	True	True	-2	-3	-3	True	True	True
312	2	78.0	76	4	E	0	1.5	0	2	4	1	1	1/8	True	-1	16	41	15	15b	5	78	False	True					False	80		III	d	v		III	III					M	True	True	(-3, 1, -2)	()	-3	-3	minor	minor	v	v, minor	III		v	v	True	III	III, minor		III, minor		III	III	3		2	3	3	-1	-1	F	F	A	A	major triad	0	True	True	True	True	True	2	1	1	True	False	False
313	1	78.25	59	5	B	0	1.75	0	2	4	2	1	1/16	True	-1	16	41	15	15b	3	313/4	False	False					False	80		III	d	v		III	III					M	True	True	(-3, 1, -2)	()	-3	-3	minor	minor	v	v, minor	III		v	v	True	III	III, minor		III, minor		III	III	3		2	3	3	-1	-1	F	F	A	A	major triad	0	True	True	True	True	True	3	2	2	False	False	False
314	1	78.5	60	0	C	0	2.0	2	2	4	2	1	1/16	True	-1	16	41	15	15b	4	157/2	False	False					False	80		III	d	v		III	III					M	True	True	(-3, 1, -2)	()	-3	-3	minor	minor	v	v, minor	III		v	v	True	III	III, minor		III, minor		III	III	3		2	3	3	-1	-1	F	F	A	A	major triad	0	True	True	True	True	True	-2	-3	-3	True	True	True
314	2	78.5	76	4	E	0	2.0	2	2	4	1	1	1/8	True	-1	16	41	15	15b	5	157/2	False	False					False	80		III	d	v		III	III					M	True	True	(-3, 1, -2)	()	-3	-3	minor	minor	v	v, minor	III		v	v	True	III	III, minor		III, minor		III	III	3		2	3	3	-1	-1	F	F	A	A	major triad	0	True	True	True	True	True	2	1	1	True	False	False
315	1	78.75	59	5	B	0	2.25	0	2	4	2	1	1/16	True	-1	16	41	15	15b	3	315/4	False	False					False	80		III	d	v		III	III					M	True	True	(-3, 1, -2)	()	-3	-3	minor	minor	v	v, minor	III		v	v	True	III	III, minor		III, minor		III	III	3		2	3	3	-1	-1	F	F	A	A	major triad	0	True	True	True	True	True	3	2	2	False	False	False
316	1	79.0	57	3	A	0	2.5	0	2	4	2	1	1/16	True	-1	16	41	15	15b	3	79	False	False					False	80		III	d	v		III	III					M	True	True	(-3, 1, -2)	()	-3	-3	minor	minor	v	v, minor	III		v	v	True	III	III, minor		III, minor		III	III	3		2	3	3	-1	-1	F	F	A	A	major triad	0	True	True	True	True	True	1	0	0	False	False	False
316	2	79.0	71	5	B	0	2.5	0	2	4	1	1	1/8	True	-1	16	41	15	15b	4	79	False	False					False	80		III	d	v		III	III					M	True	True	(-3, 1, -2)	()	-3	-3	minor	minor	v	v, minor	III		v	v	True	III	III, minor		III, minor		III	III	3		2	3	3	-1	-1	F	F	A	A	major triad	0	True	True	True	True	True	3	2	2	False	False	False
317	1	79.25	55	1	G	0	2.75	0	2	4	2	1	1/16	True	-1	16	41	15	15b	3	317/4	False	False					False	80		III	d	v		III	III					M	True	True	(-3, 1, -2)	()	-3	-3	minor	minor	v	v, minor	III		v	v	True	III	III, minor		III, minor		III	III	3		2	3	3	-1	-1	F	F	A	A	major triad	0	True	True	True	True	True	-1	-2	-2	True	False	False
318	2	79.5	53	-1	F	0	1.0	1	2	4	2	1	1/8	True	-1	17	42	16	16b	3	159/2	False	True					False	81		VIM7	d	v		VIM7	VI	M	7			MM7	True	True	(-4, 0, -3, 1)	()	-4	-4	minor	minor	v	v, minor	VI		v	v	True	VIM7	VIM7, minor		VIM7, minor		VI	VI7	6		2	3	3	-2	-2	Bb	Bb	A	A		7	True	True	True	True	True	-3	-4	-4	True	True	True
318	2	79.5	69	3	A	0	1.0	1	2	4	1	1	1/8	True	-1	17	42	16	16b	4	159/2	False	True					False	81		VIM7	d	v		VIM7	VI	M	7			MM7	True	True	(-4, 0, -3, 1)	()	-4	-4	minor	minor	v	v, minor	VI		v	v	True	VIM7	VIM7, minor		VIM7, minor		VI	VI7	6		2	3	3	-2	-2	Bb	Bb	A	A		7	True	True	True	True	True	1	0	0	True	False	False
320	1	80.0	59	5	B	0	1.5	0	2	4	2	1	1/16	True	-1	17	42	16	16b	3	80	False	True					False	82		iio	d	v		iio	ii	o				o	True	True	(2, -1, -4)	()	2	2	minor	minor	v	v, minor	ii		v	v	True	iio	iio, minor		iio, minor		ii	iio	2		2	3	3	4	4	E	E	A	A	diminished triad	0	True	True	True	True	True	3	2	2	True	True	True
320	2	80.0	74	2	D	0	1.5	0	2	4	1	1	1/8	True	-1	17	42	16	16b	5	80	False	True					False	82		iio	d	v		iio	ii	o				o	True	True	(2, -1, -4)	()	2	2	minor	minor	v	v, minor	ii		v	v	True	iio	iio, minor		iio, minor		ii	iio	2		2	3	3	4	4	E	E	A	A	diminished triad	0	True	True	True	True	True	0	-1	-1	True	False	False
321	1	80.25	57	3	A	0	1.75	0	2	4	2	1	1/16	True	-1	17	42	16	16b	3	321/4	False	False					False	82		iio	d	v		iio	ii	o				o	True	True	(2, -1, -4)	()	2	2	minor	minor	v	v, minor	ii		v	v	True	iio	iio, minor		iio, minor		ii	iio	2		2	3	3	4	4	E	E	A	A	diminished triad	0	True	True	True	True	True	1	0	0	False	False	False
322	1	80.5	59	5	B	0	2.0	2	2	4	2	1	1/16	True	-1	17	42	16	16b	3	161/2	False	False					False	82		iio	d	v		iio	ii	o				o	True	True	(2, -1, -4)	()	2	2	minor	minor	v	v, minor	ii		v	v	True	iio	iio, minor		iio, minor		ii	iio	2		2	3	3	4	4	E	E	A	A	diminished triad	0	True	True	True	True	True	3	2	2	True	True	True
322	2	80.5	74	2	D	0	2.0	2	2	4	1	1	1/8	True	-1	17	42	16	16b	5	161/2	False	False					False	82		iio	d	v		iio	ii	o				o	True	True	(2, -1, -4)	()	2	2	minor	minor	v	v, minor	ii		v	v	True	iio	iio, minor		iio, minor		ii	iio	2		2	3	3	4	4	E	E	A	A	diminished triad	0	True	True	True	True	True	0	-1	-1	True	False	False
323	1	80.75	57	3	A	0	2.25	0	2	4	2	1	1/16	True	-1	17	42	16	16b	3	323/4	False	False					False	82		iio	d	v		iio	ii	o				o	True	True	(2, -1, -4)	()	2	2	minor	minor	v	v, minor	ii		v	v	True	iio	iio, minor		iio, minor		ii	iio	2		2	3	3	4	4	E	E	A	A	diminished triad	0	True	True	True	True	True	1	0	0	False	False	False
324	1	81.0	55	1	G	0	2.5	0	2	4	2	1	1/16	True	-1	17	42	16	16b	3	81	False	False					False	82		iio	d	v		iio	ii	o				o	True	True	(2, -1, -4)	()	2	2	minor	minor	v	v, minor	ii		v	v	True	iio	iio, minor		iio, minor		ii	iio	2		2	3	3	4	4	E	E	A	A	diminished triad	0	True	True	True	True	True	-1	-2	-2	False	False	False
324	2	81.0	69	3	A	0	2.5	0	2	4	1	1	1/8	True	-1	17	42	16	16b	4	81	False	False					False	82		iio	d	v		iio	ii	o				o	True	True	(2, -1, -4)	()	2	2	minor	minor	v	v, minor	ii		v	v	True	iio	iio, minor		iio, minor		ii	iio	2		2	3	3	4	4	E	E	A	A	diminished triad	0	True	True	True	True	True	1	0	0	False	False	False
325	1	81.25	53	-1	F	0	2.75	0	2	4	2	1	1/16	True	-1	17	42	16	16b	3	325/4	False	False					False	82		iio	d	v		iio	ii	o				o	True	True	(2, -1, -4)	()	2	2	minor	minor	v	v, minor	ii		v	v	True	iio	iio, minor		iio, minor		ii	iio	2		2	3	3	4	4	E	E	A	A	diminished triad	0	True	True	True	True	True	-3	-4	-4	True	False	False
326	2	81.5	52	4	E	0	1.0	1	2	4	2	1	1/8	True	-1	18	43	17	17b	3	163/2	False	True					False	83		V7	d	v		V7	V		7			Mm7	True	True	(1, 5, 2, -1)	()	1	1	minor	minor	v	v, minor	V		v	v	True	V7	V7, minor		V7, minor		V	V7	5		2	3	3	3	3	A	A	A	A	dominant seventh chord	7	True	True	True	True	True	2	1	1	True	True	True
326	2	81.5	68	8	G	1	1.0	1	2	4	1	1	1/8	True	-1	18	43	17	17b	4	163/2	False	True					False	83		V7	d	v		V7	V		7			Mm7	True	True	(1, 5, 2, -1)	()	1	1	minor	minor	v	v, minor	V		v	v	True	V7	V7, minor		V7, minor		V	V7	5		2	3	3	3	3	A	A	A	A	dominant seventh chord	7	True	True	True	True	True	6	5	5	True	False	False
328	2	82.0	54	6	F	1	1.5	0	2	4	2	1	1/8	True	-1	18	43	17	17b	3	82	False	False					False	83		V7	d	v		V7	V		7			Mm7	True	True	(1, 5, 2, -1)	()	1	1	minor	minor	v	v, minor	V		v	v	True	V7	V7, minor		V7, minor		V	V7	5		2	3	3	3	3	A	A	A	A	dominant seventh chord	7	True	True	True	True	True	4	3	3	False	False	False
328	2	82.0	69	3	A	0	1.5	0	2	4	1	1	1/8	True	-1	18	43	17	17b	4	82	False	False					False	83		V7	d	v		V7	V		7			Mm7	True	True	(1, 5, 2, -1)	()	1	1	minor	minor	v	v, minor	V		v	v	True	V7	V7, minor		V7, minor		V	V7	5		2	3	3	3	3	A	A	A	A	dominant seventh chord	7	True	True	True	True	True	1	0	0	False	False	False
330	0	82.5	69	3	A	0	2.0	2	2	4	1	1	0	True	-1	18	43	17	17b	4	165/2	False	True					False	84		V65	d	v		V65	V		65			Mm7	True	True	(5, 2, -1, 1)	()	1	5	minor	minor	v	v, minor	V		v	v	True	V65	V65, minor		V65, minor		V	V7	5		2	3	3	3	7	A	C#	A	A	dominant seventh chord	1	True	True	True	True	True	1	0	0	False	False	False
330	2	82.5	56	8	G	1	2.0	2	2	4	2	1	1/8	True	-1	18	43	17	17b	3	165/2	False	True					False	84		V65	d	v		V65	V		65			Mm7	True	True	(5, 2, -1, 1)	()	1	5	minor	minor	v	v, minor	V		v	v	True	V65	V65, minor		V65, minor		V	V7	5		2	3	3	3	7	A	C#	A	A	dominant seventh chord	1	True	True	True	True	True	6	5	5	True	False	True
330	3	82.5	71	5	B	0	2.0	2	2	4	1	1	3/16	True	-1	18	43	17	17b	4	165/2	False	True					False	84		V65	d	v		V65	V		65			Mm7	True	True	(5, 2, -1, 1)	()	1	5	minor	minor	v	v, minor	V		v	v	True	V65	V65, minor		V65, minor		V	V7	5		2	3	3	3	7	A	C#	A	A	dominant seventh chord	1	True	True	True	True	True	3	2	2	True	False	False
332	2	83.0	57	3	A	0	2.5	0	2	4	2	1	1/8	True	-1	18	43	17	17b	3	83	False	False					False	84		V65	d	v		V65	V		65			Mm7	True	True	(5, 2, -1, 1)	()	1	5	minor	minor	v	v, minor	V		v	v	True	V65	V65, minor		V65, minor		V	V7	5		2	3	3	3	7	A	C#	A	A	dominant seventh chord	1	True	True	True	True	True	1	0	0	False	False	False
333	1	83.25	72	0	C	0	2.75	0	2	4	1	1	1/16	True	-1	18	43	17	17b	5	333/4	False	True					False	85		i	d	v		i	i					m	True	True	(0, -3, 1)	()	0	0	minor	minor	v	v, minor	i		v	v	True	i	i, minor		i, minor		i	i	1		2	3	3	2	2	D	D	A	A	minor triad	0	True	True	True	True	True	-2	-3	-3	True	False	False
334	2	83.5	52	4	E	0	1.0	1	2	4	2	1	1/8	True	-1	19	44	18	18b	3	167/2	False	True	HC.SIM	HC	SIM	}	True	86		V|HC.SIM}	d	v		V	V					M	True	True	(1, 5, 2)	()	1	1	minor	minor	v	v, minor	V		v	v	True	V	V, minor		V, minor		V	V	5		2	3	3	3	3	A	A	A	A	major triad	0	True	True	True	True	True	2	1	1	True	True	True
334	2	83.5	71	5	B	0	1.0	1	2	4	1	1	1/8	True	-1	19	44	18	18b	4	167/2	False	True	HC.SIM	HC	SIM	}	True	86		V|HC.SIM}	d	v		V	V					M	True	True	(1, 5, 2)	()	1	1	minor	minor	v	v, minor	V		v	v	True	V	V, minor		V, minor		V	V	5		2	3	3	3	3	A	A	A	A	major triad	0	True	True	True	True	True	3	2	2	True	False	False
336	2	84.0	57	3	A	0	1.5	0	2	4	2	1	1/8	True	-1	19	44	18	18b	3	84	False	True				{	False	87		i{	d	v		i	i					m	True	True	(0, -3, 1)	()	0	0	minor	minor	v	v, minor	i		v	v	True	i	i, minor		i, minor		i	i	1		2	3	3	2	2	D	D	A	A	minor triad	0	True	True	True	True	True	1	0	0	True	True	True
336	1	84.0	72	0	C	0	1.5	0	2	4	1	1	1/16	True	-1	19	44	18	18b	5	84	False	True				{	False	87		i{	d	v		i	i					m	True	True	(0, -3, 1)	()	0	0	minor	minor	v	v, minor	i		v	v	True	i	i, minor		i, minor		i	i	1		2	3	3	2	2	D	D	A	A	minor triad	0	True	True	True	True	True	-2	-3	-3	True	False	False
337	1	84.25	71	5	B	0	1.75	0	2	4	1	1	1/16	True	-1	19	44	18	18b	4	337/4	False	False					False	87		i{	d	v		i	i					m	True	True	(0, -3, 1)	()	0	0	minor	minor	v	v, minor	i		v	v	True	i	i, minor		i, minor		i	i	1		2	3	3	2	2	D	D	A	A	minor triad	0	True	True	True	True	True	3	2	2	False	False	False
338	2	84.5	57	3	A	0	2.0	2	2	4	2	1	1/8	True	-1	19	44	18	18b	3	169/2	False	False					False	87		i{	d	v		i	i					m	True	True	(0, -3, 1)	()	0	0	minor	minor	v	v, minor	i		v	v	True	i	i, minor		i, minor		i	i	1		2	3	3	2	2	D	D	A	A	minor triad	0	True	True	True	True	True	1	0	0	True	True	True
338	1	84.5	72	0	C	0	2.0	2	2	4	1	1	1/16	True	-1	19	44	18	18b	5	169/2	False	False					False	87		i{	d	v		i	i					m	True	True	(0, -3, 1)	()	0	0	minor	minor	v	v, minor	i		v	v	True	i	i, minor		i, minor		i	i	1		2	3	3	2	2	D	D	A	A	minor triad	0	True	True	True	True	True	-2	-3	-3	True	False	False
339	1	84.75	71	5	B	0	2.25	0	2	4	1	1	1/16	True	-1	19	44	18	18b	4	339/4	False	False					False	87		i{	d	v		i	i					m	True	True	(0, -3, 1)	()	0	0	minor	minor	v	v, minor	i		v	v	True	i	i, minor		i, minor		i	i	1		2	3	3	2	2	D	D	A	A	minor triad	0	True	True	True	True	True	3	2	2	False	False	False
340	2	85.0	52	4	E	0	2.5	0	2	4	2	1	1/8	True	-1	19	44	18	18b	3	85	False	False					False	87		i{	d	v		i	i					m	True	True	(0, -3, 1)	()	0	0	minor	minor	v	v, minor	i		v	v	True	i	i, minor		i, minor		i	i	1		2	3	3	2	2	D	D	A	A	minor triad	0	True	True	True	True	True	2	1	1	True	False	False
340	1	85.0	69	3	A	0	2.5	0	2	4	1	1	1/16	True	-1	19	44	18	18b	4	85	False	False					False	87		i{	d	v		i	i					m	True	True	(0, -3, 1)	()	0	0	minor	minor	v	v, minor	i		v	v	True	i	i, minor		i, minor		i	i	1		2	3	3	2	2	D	D	A	A	minor triad	0	True	True	True	True	True	1	0	0	True	True	True
341	1	85.25	67	1	G	0	2.75	0	2	4	1	1	1/16	True	-1	19	44	18	18b	4	341/4	False	False					False	87		i{	d	v		i	i					m	True	True	(0, -3, 1)	()	0	0	minor	minor	v	v, minor	i		v	v	True	i	i, minor		i, minor		i	i	1		2	3	3	2	2	D	D	A	A	minor triad	0	True	True	True	True	True	-1	-2	-2	False	False	False
342	2	85.5	50	2	D	0	1.0	1	2	4	2	1	1/8	True	-1	20	45	19	19b	3	171/2	False	True					False	88		IV7	d	v		IV7	IV		7			Mm7	True	True	(-1, 3, 0, -3)	()	-1	-1	minor	minor	v	v, minor	IV		v	v	True	IV7	IV7, minor		IV7, minor		IV	IV7	4		2	3	3	1	1	G	G	A	A	dominant seventh chord	7	True	True	True	True	True	0	-1	-1	True	True	True
342	2	85.5	66	6	F	1	1.0	1	2	4	1	1	1/8	True	-1	20	45	19	19b	4	171/2	False	True					False	88		IV7	d	v		IV7	IV		7			Mm7	True	True	(-1, 3, 0, -3)	()	-1	-1	minor	minor	v	v, minor	IV		v	v	True	IV7	IV7, minor		IV7, minor		IV	IV7	4		2	3	3	1	1	G	G	A	A	dominant seventh chord	7	True	True	True	True	True	4	3	3	True	False	False
344	2	86.0	56	8	G	1	1.5	0	2	4	2	1	1/8	True	-1	20	45	19	19b	3	86	False	True					False	89		V6	d	v		V6	V		6			M	True	True	(5, 2, 1)	()	1	5	minor	minor	v	v, minor	V		v	v	True	V6	V6, minor		V6, minor		V	V	5		2	3	3	3	7	A	C#	A	A	major triad	1	True	True	True	True	True	6	5	5	True	False	True
344	1	86.0	71	5	B	0	1.5	0	2	4	1	1	1/16	True	-1	20	45	19	19b	4	86	False	True					False	89		V6	d	v		V6	V		6			M	True	True	(5, 2, 1)	()	1	5	minor	minor	v	v, minor	V		v	v	True	V6	V6, minor		V6, minor		V	V	5		2	3	3	3	7	A	C#	A	A	major triad	1	True	True	True	True	True	3	2	2	True	False	False
345	1	86.25	69	3	A	0	1.75	0	2	4	1	1	1/16	True	-1	20	45	19	19b	4	345/4	False	False					False	89		V6	d	v		V6	V		6			M	True	True	(5, 2, 1)	()	1	5	minor	minor	v	v, minor	V		v	v	True	V6	V6, minor		V6, minor		V	V	5		2	3	3	3	7	A	C#	A	A	major triad	1	True	True	True	True	True	1	0	0	False	False	False
346	2	86.5	56	8	G	1	2.0	2	2	4	2	1	1/8	True	-1	20	45	19	19b	3	173/2	False	True					False	90		V65	d	v		V65	V		65			Mm7	True	True	(5, 2, -1, 1)	()	1	5	minor	minor	v	v, minor	V		v	v	True	V65	V65, minor		V65, minor		V	V7	5		2	3	3	3	7	A	C#	A	A	dominant seventh chord	1	True	True	True	True	True	6	5	5	True	False	True
346	1	86.5	71	5	B	0	2.0	2	2	4	1	1	1/16	True	-1	20	45	19	19b	4	173/2	False	True					False	90		V65	d	v		V65	V		65			Mm7	True	True	(5, 2, -1, 1)	()	1	5	minor	minor	v	v, minor	V		v	v	True	V65	V65, minor		V65, minor		V	V7	5		2	3	3	3	7	A	C#	A	A	dominant seventh chord	1	True	True	True	True	True	3	2	2	True	False	False
347	1	86.75	69	3	A	0	2.25	0	2	4	1	1	1/16	True	-1	20	45	19	19b	4	347/4	False	False					False	90		V65	d	v		V65	V		65			Mm7	True	True	(5, 2, -1, 1)	()	1	5	minor	minor	v	v, minor	V		v	v	True	V65	V65, minor		V65, minor		V	V7	5		2	3	3	3	7	A	C#	A	A	dominant seventh chord	1	True	True	True	True	True	1	0	0	False	False	False
348	2	87.0	50	2	D	0	2.5	0	2	4	2	1	1/8	True	-1	20	45	19	19b	3	87	False	True					False	91		V2	d	v		V2	V		2			Mm7	True	True	(-1, 1, 5, 2)	()	1	-1	minor	minor	v	v, minor	V		v	v	True	V2	V2, minor		V2, minor		V	V7	5		2	3	3	3	1	A	G	A	A	dominant seventh chord	3	True	True	True	True	True	0	-1	-1	True	False	True
348	1	87.0	68	8	G	1	2.5	0	2	4	1	1	1/16	True	-1	20	45	19	19b	4	87	False	True					False	91		V2	d	v		V2	V		2			Mm7	True	True	(-1, 1, 5, 2)	()	1	-1	minor	minor	v	v, minor	V		v	v	True	V2	V2, minor		V2, minor		V	V7	5		2	3	3	3	1	A	G	A	A	dominant seventh chord	3	True	True	True	True	True	6	5	5	True	False	False
349	1	87.25	66	6	F	1	2.75	0	2	4	1	1	1/16	True	-1	20	45	19	19b	4	349/4	False	False					False	91		V2	d	v		V2	V		2			Mm7	True	True	(-1, 1, 5, 2)	()	1	-1	minor	minor	v	v, minor	V		v	v	True	V2	V2, minor		V2, minor		V	V7	5		2	3	3	3	1	A	G	A	A	dominant seventh chord	3	True	True	True	True	True	4	3	3	False	False	False
350	2	87.5	48	0	C	0	1.0	1	2	4	2	1	1/8	True	-1	21	46	20	20b	3	175/2	False	True					False	92		i6	d	v		i6	i		6			m	True	True	(-3, 1, 0)	()	0	-3	minor	minor	v	v, minor	i		v	v	True	i6	i6, minor		i6, minor		i	i	1		2	3	3	2	-1	D	F	A	A	minor triad	1	True	True	True	True	True	-2	-3	-3	True	False	True
350	2	87.5	64	4	E	0	1.0	1	2	4	1	1	1/8	True	-1	21	46	20	20b	4	175/2	False	True					False	92		i6	d	v		i6	i		6			m	True	True	(-3, 1, 0)	()	0	-3	minor	minor	v	v, minor	i		v	v	True	i6	i6, minor		i6, minor		i	i	1		2	3	3	2	-1	D	F	A	A	minor triad	1	True	True	True	True	True	2	1	1	True	False	False
352	2	88.0	60	0	C	0	1.5	0	2	4	2	1	1/8	True	-1	21	46	20	20b	4	88	False	False					False	92		i6	d	v		i6	i		6			m	True	True	(-3, 1, 0)	()	0	-3	minor	minor	v	v, minor	i		v	v	True	i6	i6, minor		i6, minor		i	i	1		2	3	3	2	-1	D	F	A	A	minor triad	1	True	True	True	True	True	-2	-3	-3	True	False	True
352	1	88.0	76	4	E	0	1.5	0	2	4	1	1	1/16	True	-1	21	46	20	20b	5	88	False	False					False	92		i6	d	v		i6	i		6			m	True	True	(-3, 1, 0)	()	0	-3	minor	minor	v	v, minor	i		v	v	True	i6	i6, minor		i6, minor		i	i	1		2	3	3	2	-1	D	F	A	A	minor triad	1	True	True	True	True	True	2	1	1	True	False	False
353	1	88.25	74	2	D	0	1.75	0	2	4	1	1	1/16	True	-1	21	46	20	20b	5	353/4	False	False					False	92		i6	d	v		i6	i		6			m	True	True	(-3, 1, 0)	()	0	-3	minor	minor	v	v, minor	i		v	v	True	i6	i6, minor		i6, minor		i	i	1		2	3	3	2	-1	D	F	A	A	minor triad	1	True	True	True	True	True	0	-1	-1	False	False	False
354	2	88.5	60	0	C	0	2.0	2	2	4	2	1	1/8	True	-1	21	46	20	20b	4	177/2	False	False					False	92		i6	d	v		i6	i		6			m	True	True	(-3, 1, 0)	()	0	-3	minor	minor	v	v, minor	i		v	v	True	i6	i6, minor		i6, minor		i	i	1		2	3	3	2	-1	D	F	A	A	minor triad	1	True	True	True	True	True	-2	-3	-3	True	False	True
354	1	88.5	76	4	E	0	2.0	2	2	4	1	1	1/16	True	-1	21	46	20	20b	5	177/2	False	False					False	92		i6	d	v		i6	i		6			m	True	True	(-3, 1, 0)	()	0	-3	minor	minor	v	v, minor	i		v	v	True	i6	i6, minor		i6, minor		i	i	1		2	3	3	2	-1	D	F	A	A	minor triad	1	True	True	True	True	True	2	1	1	True	False	False
355	1	88.75	74	2	D	0	2.25	0	2	4	1	1	1/16	True	-1	21	46	20	20b	5	355/4	False	False					False	92		i6	d	v		i6	i		6			m	True	True	(-3, 1, 0)	()	0	-3	minor	minor	v	v, minor	i		v	v	True	i6	i6, minor		i6, minor		i	i	1		2	3	3	2	-1	D	F	A	A	minor triad	1	True	True	True	True	True	0	-1	-1	False	False	False
356	2	89.0	55	1	G	0	2.5	0	2	4	2	1	1/8	True	-1	21	46	20	20b	3	89	False	False					False	92		i6	d	v		i6	i		6			m	True	True	(-3, 1, 0)	()	0	-3	minor	minor	v	v, minor	i		v	v	True	i6	i6, minor		i6, minor		i	i	1		2	3	3	2	-1	D	F	A	A	minor triad	1	True	True	True	True	True	-1	-2	-2	False	False	False
356	1	89.0	72	0	C	0	2.5	0	2	4	1	1	1/16	True	-1	21	46	20	20b	5	89	False	False					False	92		i6	d	v		i6	i		6			m	True	True	(-3, 1, 0)	()	0	-3	minor	minor	v	v, minor	i		v	v	True	i6	i6, minor		i6, minor		i	i	1		2	3	3	2	-1	D	F	A	A	minor triad	1	True	True	True	True	True	-2	-3	-3	True	False	True
357	1	89.25	71	5	B	0	2.75	0	2	4	1	1	1/16	True	-1	21	46	20	20b	4	357/4	False	False					False	92		i6	d	v		i6	i		6			m	True	True	(-3, 1, 0)	()	0	-3	minor	minor	v	v, minor	i		v	v	True	i6	i6, minor		i6, minor		i	i	1		2	3	3	2	-1	D	F	A	A	minor triad	1	True	True	True	True	True	3	2	2	False	False	False
358	2	89.5	54	6	F	1	1.0	1	2	4	2	1	1/8	True	-1	22	47	21	21b	3	179/2	False	True					False	93		#vi%7	d	v		#vi%7	#vi	%	7			%7	True	True	(3, 0, -3, 1)	()	3	3	minor	minor	v	v, minor	#vi		v	v	True	#vi%7	#vi%7, minor		#vi%7, minor		#vi	vi%7	#6		2	3	3	5	5	B	B	A	A	half-diminished seventh chord	7	True	True	True	True	True	4	3	3	True	True	True
358	2	89.5	69	3	A	0	1.0	1	2	4	1	1	1/8	True	-1	22	47	21	21b	4	179/2	False	True					False	93		#vi%7	d	v		#vi%7	#vi	%	7			%7	True	True	(3, 0, -3, 1)	()	3	3	minor	minor	v	v, minor	#vi		v	v	True	#vi%7	#vi%7, minor		#vi%7, minor		#vi	vi%7	#6		2	3	3	5	5	B	B	A	A	half-diminished seventh chord	7	True	True	True	True	True	1	0	0	True	False	False
360	2	90.0	59	5	B	0	1.5	0	2	4	2	1	1/8	True	-1	22	47	21	21b	3	90	False	True					False	94		iio	d	v		iio	ii	o				o	True	True	(2, -1, -4)	()	2	2	minor	minor	v	v, minor	ii		v	v	True	iio	iio, minor		iio, minor		ii	iio	2		2	3	3	4	4	E	E	A	A	diminished triad	0	True	True	True	True	True	3	2	2	True	True	True
360	1	90.0	74	2	D	0	1.5	0	2	4	1	1	1/16	True	-1	22	47	21	21b	5	90	False	True					False	94		iio	d	v		iio	ii	o				o	True	True	(2, -1, -4)	()	2	2	minor	minor	v	v, minor	ii		v	v	True	iio	iio, minor		iio, minor		ii	iio	2		2	3	3	4	4	E	E	A	A	diminished triad	0	True	True	True	True	True	0	-1	-1	True	False	False
361	1	90.25	72	0	C	0	1.75	0	2	4	1	1	1/16	True	-1	22	47	21	21b	5	361/4	False	False					False	94		iio	d	v		iio	ii	o				o	True	True	(2, -1, -4)	()	2	2	minor	minor	v	v, minor	ii		v	v	True	iio	iio, minor		iio, minor		ii	iio	2		2	3	3	4	4	E	E	A	A	diminished triad	0	True	True	True	True	True	-2	-3	-3	False	False	False
362	2	90.5	59	5	B	0	2.0	2	2	4	2	1	1/8	True	-1	22	47	21	21b	3	181/2	False	False					False	94		iio	d	v		iio	ii	o				o	True	True	(2, -1, -4)	()	2	2	minor	minor	v	v, minor	ii		v	v	True	iio	iio, minor		iio, minor		ii	iio	2		2	3	3	4	4	E	E	A	A	diminished triad	0	True	True	True	True	True	3	2	2	True	True	True
362	1	90.5	74	2	D	0	2.0	2	2	4	1	1	1/16	True	-1	22	47	21	21b	5	181/2	False	False					False	94		iio	d	v		iio	ii	o				o	True	True	(2, -1, -4)	()	2	2	minor	minor	v	v, minor	ii		v	v	True	iio	iio, minor		iio, minor		ii	iio	2		2	3	3	4	4	E	E	A	A	diminished triad	0	True	True	True	True	True	0	-1	-1	True	False	False
363	1	90.75	72	0	C	0	2.25	0	2	4	1	1	1/16	True	-1	22	47	21	21b	5	363/4	False	False					False	94		iio	d	v		iio	ii	o				o	True	True	(2, -1, -4)	()	2	2	minor	minor	v	v, minor	ii		v	v	True	iio	iio, minor		iio, minor		ii	iio	2		2	3	3	4	4	E	E	A	A	diminished triad	0	True	True	True	True	True	-2	-3	-3	False	False	False
364	2	91.0	53	-1	F	0	2.5	0	2	4	2	1	1/8	True	-1	22	47	21	21b	3	91	False	True					False	95		ii%43	d	v		ii%43	ii	%	43			%7	True	True	(-4, 0, 2, -1)	()	2	-4	minor	minor	v	v, minor	ii		v	v	True	ii%43	ii%43, minor		ii%43, minor		ii	ii%7	2		2	3	3	4	-2	E	Bb	A	A	half-diminished seventh chord	2	True	True	True	True	True	-3	-4	-4	True	False	True
364	1	91.0	71	5	B	0	2.5	0	2	4	1	1	1/16	True	-1	22	47	21	21b	4	91	False	True					False	95		ii%43	d	v		ii%43	ii	%	43			%7	True	True	(-4, 0, 2, -1)	()	2	-4	minor	minor	v	v, minor	ii		v	v	True	ii%43	ii%43, minor		ii%43, minor		ii	ii%7	2		2	3	3	4	-2	E	Bb	A	A	half-diminished seventh chord	2	True	True	True	True	True	3	2	2	True	True	False
365	1	91.25	69	3	A	0	2.75	0	2	4	1	1	1/16	True	-1	22	47	21	21b	4	365/4	False	False					False	95		ii%43	d	v		ii%43	ii	%	43			%7	True	True	(-4, 0, 2, -1)	()	2	-4	minor	minor	v	v, minor	ii		v	v	True	ii%43	ii%43, minor		ii%43, minor		ii	ii%7	2		2	3	3	4	-2	E	Bb	A	A	half-diminished seventh chord	2	True	True	True	True	True	1	0	0	True	False	False
366	0	91.5	72	0	C	0	1.0	1	2	4	1	1	0	True	-1	23	48	22	22b	5	183/2	False	True					False	96		V	d	v		V	V					M	True	True	(1, 5, 2)	()	1	1	minor	minor	v	v, minor	V		v	v	True	V	V, minor		V, minor		V	V	5		2	3	3	3	3	A	A	A	A	major triad	0	True	True	True	True	True	-2	-3	-3	False	False	False
366	2	91.5	52	4	E	0	1.0	1	2	4	2	1	1/8	True	-1	23	48	22	22b	3	183/2	False	True					False	96		V	d	v		V	V					M	True	True	(1, 5, 2)	()	1	1	minor	minor	v	v, minor	V		v	v	True	V	V, minor		V, minor		V	V	5		2	3	3	3	3	A	A	A	A	major triad	0	True	True	True	True	True	2	1	1	True	True	True
366	2	91.5	71	5	B	0	1.0	1	2	4	1	1	1/8	True	-1	23	48	22	22b	4	183/2	False	True					False	96		V	d	v		V	V					M	True	True	(1, 5, 2)	()	1	1	minor	minor	v	v, minor	V		v	v	True	V	V, minor		V, minor		V	V	5		2	3	3	3	3	A	A	A	A	major triad	0	True	True	True	True	True	3	2	2	True	False	False
368	0	92.0	69	3	A	0	1.5	0	2	4	1	1	0	True	-1	23	48	22	22b	4	92	False	False					False	96		V	d	v		V	V					M	True	True	(1, 5, 2)	()	1	1	minor	minor	v	v, minor	V		v	v	True	V	V, minor		V, minor		V	V	5		2	3	3	3	3	A	A	A	A	major triad	0	True	True	True	True	True	1	0	0	False	False	False
368	2	92.0	50	2	D	0	1.5	0	2	4	2	1	1/8	True	-1	23	48	22	22b	3	92	False	False					False	96		V	d	v		V	V					M	True	True	(1, 5, 2)	()	1	1	minor	minor	v	v, minor	V		v	v	True	V	V, minor		V, minor		V	V	5		2	3	3	3	3	A	A	A	A	major triad	0	True	True	True	True	True	0	-1	-1	False	False	False
368	2	92.0	68	8	G	1	1.5	0	2	4	1	1	1/8	True	-1	23	48	22	22b	4	92	False	False					False	96		V	d	v		V	V					M	True	True	(1, 5, 2)	()	1	1	minor	minor	v	v, minor	V		v	v	True	V	V, minor		V, minor		V	V	5		2	3	3	3	3	A	A	A	A	major triad	0	True	True	True	True	True	6	5	5	True	False	False
370	0	92.5	68	8	G	1	2.0	2	2	4	1	1	0	True	-1	23	48	22	22b	4	185/2	False	True					False	97		i6	d	v		i6	i		6			m	True	True	(-3, 1, 0)	()	0	-3	minor	minor	v	v, minor	i		v	v	True	i6	i6, minor		i6, minor		i	i	1		2	3	3	2	-1	D	F	A	A	minor triad	1	True	True	True	True	True	6	5	5	False	False	False
370	2	92.5	48	0	C	0	2.0	2	2	4	2	1	1/8	True	-1	23	48	22	22b	3	185/2	False	True					False	97		i6	d	v		i6	i		6			m	True	True	(-3, 1, 0)	()	0	-3	minor	minor	v	v, minor	i		v	v	True	i6	i6, minor		i6, minor		i	i	1		2	3	3	2	-1	D	F	A	A	minor triad	1	True	True	True	True	True	-2	-3	-3	True	False	True
370	2	92.5	69	3	A	0	2.0	2	2	4	1	1	1/8	True	-1	23	48	22	22b	4	185/2	False	True					False	97		i6	d	v		i6	i		6			m	True	True	(-3, 1, 0)	()	0	-3	minor	minor	v	v, minor	i		v	v	True	i6	i6, minor		i6, minor		i	i	1		2	3	3	2	-1	D	F	A	A	minor triad	1	True	True	True	True	True	1	0	0	True	True	False
372	2	93.0	47	5	B	0	2.5	0	2	4	2	1	1/8	True	-1	23	48	22	22b	2	93	False	True					False	98		V43	d	v		V43	V		43			Mm7	True	True	(2, -1, 1, 5)	()	1	2	minor	minor	v	v, minor	V		v	v	True	V43	V43, minor		V43, minor		V	V7	5		2	3	3	3	4	A	E	A	A	dominant seventh chord	2	True	True	True	True	True	3	2	2	True	False	True
372	2	93.0	71	5	B	0	2.5	0	2	4	1	1	1/8	True	-1	23	48	22	22b	4	93	False	True					False	98		V43	d	v		V43	V		43			Mm7	True	True	(2, -1, 1, 5)	()	1	2	minor	minor	v	v, minor	V		v	v	True	V43	V43, minor		V43, minor		V	V7	5		2	3	3	3	4	A	E	A	A	dominant seventh chord	2	True	True	True	True	True	3	2	2	True	False	True
374	0	93.5	71	5	B	0	1.0	1	2	4	1	1	0	True	-1	24	49	23	23b	4	187/2	False	True					False	99		i	d	v		i	i					m	True	True	(0, -3, 1)	()	0	0	minor	minor	v	v, minor	i		v	v	True	i	i, minor		i, minor		i	i	1		2	3	3	2	2	D	D	A	A	minor triad	0	True	True	True	True	True	3	2	2	False	False	False
374	2	93.5	45	3	A	0	1.0	1	2	4	2	1	1/8	True	-1	24	49	23	23b	2	187/2	False	True					False	99		i	d	v		i	i					m	True	True	(0, -3, 1)	()	0	0	minor	minor	v	v, minor	i		v	v	True	i	i, minor		i, minor		i	i	1		2	3	3	2	2	D	D	A	A	minor triad	0	True	True	True	True	True	1	0	0	True	True	True
374	3	93.5	72	0	C	0	1.0	1	2	4	1	1	3/16	True	-1	24	49	23	23b	5	187/2	False	True					False	99		i	d	v		i	i					m	True	True	(0, -3, 1)	()	0	0	minor	minor	v	v, minor	i		v	v	True	i	i, minor		i, minor		i	i	1		2	3	3	2	2	D	D	A	A	minor triad	0	True	True	True	True	True	-2	-3	-3	True	False	False
376	2	94.0	50	2	D	0	1.5	0	2	4	2	1	1/8	True	-1	24	49	23	23b	3	94	False	False					False	99		i	d	v		i	i					m	True	True	(0, -3, 1)	()	0	0	minor	minor	v	v, minor	i		v	v	True	i	i, minor		i, minor		i	i	1		2	3	3	2	2	D	D	A	A	minor triad	0	True	True	True	True	True	0	-1	-1	False	False	False
377	1	94.25	74	2	D	0	1.75	0	2	4	1	1	1/16	True	-1	24	49	23	23b	5	377/4	False	True					False	100		ii65	d	v		ii65	ii		65			mm7	True	True	(-1, 3, 0, 2)	()	2	-1	minor	minor	v	v, minor	ii		v	v	True	ii65	ii65, minor		ii65, minor		ii	ii7	2		2	3	3	4	1	E	G	A	A		1	True	True	True	True	True	0	-1	-1	True	False	True
378	2	94.5	52	4	E	0	2.0	2	2	4	2	1	1/8	True	-1	24	49	23	23b	3	189/2	False	True					False	101		V	d	v		V	V					M	True	True	(1, 5, 2)	()	1	1	minor	minor	v	v, minor	V		v	v	True	V	V, minor		V, minor		V	V	5		2	3	3	3	3	A	A	A	A	major triad	0	True	True	True	True	True	2	1	1	True	True	True
378	3	94.5	71	5	B	0	2.0	2	2	4	1	1	3/16	True	-1	24	49	23	23b	4	189/2	False	True					False	101		V	d	v		V	V					M	True	True	(1, 5, 2)	()	1	1	minor	minor	v	v, minor	V		v	v	True	V	V, minor		V, minor		V	V	5		2	3	3	3	3	A	A	A	A	major triad	0	True	True	True	True	True	3	2	2	True	False	False
380	2	95.0	40	4	E	0	2.5	0	2	4	2	1	1/8	True	-1	24	49	23	23b	2	95	False	False					False	101		V	d	v		V	V					M	True	True	(1, 5, 2)	()	1	1	minor	minor	v	v, minor	V		v	v	True	V	V, minor		V, minor		V	V	5		2	3	3	3	3	A	A	A	A	major triad	0	True	True	True	True	True	2	1	1	True	True	True
381	1	95.25	69	3	A	0	2.75	0	2	4	1	1	1/16	True	-1	24	49	23	23b	4	381/4	False	True					False	102		V7	d	v		V7	V		7			Mm7	True	True	(1, 5, 2, -1)	()	1	1	minor	minor	v	v, minor	V		v	v	True	V7	V7, minor		V7, minor		V	V7	5		2	3	3	3	3	A	A	A	A	dominant seventh chord	7	True	True	True	True	True	1	0	0	False	False	False
382	2	95.5	45	3	A	0	1.0	1	2	4	2	1	1/8	True	-1	25	50	24	24b	2	191/2	False	True	PAC	PAC		}	True	103		I|PAC}	d	v		I	I					M	True	True	(0, 4, 1)	()	0	0	minor	minor	v	v, minor	I		v	v	True	I	I, minor		I, minor		I	I	1		2	3	3	2	2	D	D	A	A	major triad	0	True	True	True	True	True	1	0	0	True	True	True
382	2	95.5	61	7	C	1	1.0	1	2	4	1	1	1/8	True	-1	25	50	24	24b	4	191/2	False	True	PAC	PAC		}	True	103		I|PAC}	d	v		I	I					M	True	True	(0, 4, 1)	()	0	0	minor	minor	v	v, minor	I		v	v	True	I	I, minor		I, minor		I	I	1		2	3	3	2	2	D	D	A	A	major triad	0	True	True	True	True	True	5	4	4	True	False	False
382	2	95.5	64	4	E	0	1.0	1	2	4	1	1	1/8	True	-1	25	50	24	24b	4	191/2	False	True	PAC	PAC		}	True	103		I|PAC}	d	v		I	I					M	True	True	(0, 4, 1)	()	0	0	minor	minor	v	v, minor	I		v	v	True	I	I, minor		I, minor		I	I	1		2	3	3	2	2	D	D	A	A	major triad	0	True	True	True	True	True	2	1	1	True	False	False
382	2	95.5	69	3	A	0	1.0	1	2	4	1	1	1/8	True	-1	25	50	24	24b	4	191/2	False	True	PAC	PAC		}	True	103		I|PAC}	d	v		I	I					M	True	True	(0, 4, 1)	()	0	0	minor	minor	v	v, minor	I		v	v	True	I	I, minor		I, minor		I	I	1		2	3	3	2	2	D	D	A	A	major triad	0	True	True	True	True	True	1	0	0	True	True	True
384	1	96.0	57	3	A	0	1.5	0	2	4	2	1	1/16	True	-1	26	51	24	24b	3	96	True	True				{	False	104		i.V{	d	i		V	V					M	True	True	(1, 5, 2)	()	1	1	minor	minor	i	i, minor	V		i	i	True	V	V, minor		V, minor		V	V	5		2	2	2	3	3	A	A	D	D	major triad	0	True	True	True	True	True	1	1	1	True	True	True
384	2	96.0	81	3	A	0	1.5	0	2	4	1	1	1/8	True	-1	26	51	24	24b	5	96	True	True				{	False	104		i.V{	d	i		V	V					M	True	True	(1, 5, 2)	()	1	1	minor	minor	i	i, minor	V		i	i	True	V	V, minor		V, minor		V	V	5		2	2	2	3	3	A	A	D	D	major triad	0	True	True	True	True	True	1	1	1	True	True	True
385	1	96.25	59	5	B	0	1.75	0	2	4	2	1	1/16	True	-1	26	51	24	24b	3	385/4	False	False					False	104		i.V{	d	i		V	V					M	True	True	(1, 5, 2)	()	1	1	minor	minor	i	i, minor	V		i	i	True	V	V, minor		V, minor		V	V	5		2	2	2	3	3	A	A	D	D	major triad	0	True	True	True	True	True	3	3	3	False	False	False
386	1	96.5	61	7	C	1	2.0	2	2	4	2	1	1/16	True	-1	26	51	24	24b	4	193/2	False	True					False	105		V65	d	i		V65	V		65			Mm7	True	True	(5, 2, -1, 1)	()	1	5	minor	minor	i	i, minor	V		i	i	True	V65	V65, minor		V65, minor		V	V7	5		2	2	2	3	7	A	C#	D	D	dominant seventh chord	1	True	True	True	True	True	5	5	5	True	False	True
386	2	96.5	81	3	A	0	2.0	2	2	4	1	1	1/8	True	-1	26	51	24	24b	5	193/2	False	True					False	105		V65	d	i		V65	V		65			Mm7	True	True	(5, 2, -1, 1)	()	1	5	minor	minor	i	i, minor	V		i	i	True	V65	V65, minor		V65, minor		V	V7	5		2	2	2	3	7	A	C#	D	D	dominant seventh chord	1	True	True	True	True	True	1	1	1	True	True	False
387	1	96.75	62	2	D	0	2.25	0	2	4	2	1	1/16	True	-1	26	51	24	24b	4	387/4	False	False					False	105		V65	d	i		V65	V		65			Mm7	True	True	(5, 2, -1, 1)	()	1	5	minor	minor	i	i, minor	V		i	i	True	V65	V65, minor		V65, minor		V	V7	5		2	2	2	3	7	A	C#	D	D	dominant seventh chord	1	True	True	True	True	True	0	0	0	False	False	False
388	1	97.0	59	5	B	0	2.5	0	2	4	2	1	1/16	True	-1	26	51	24	24b	3	97	False	False					False	105		V65	d	i		V65	V		65			Mm7	True	True	(5, 2, -1, 1)	()	1	5	minor	minor	i	i, minor	V		i	i	True	V65	V65, minor		V65, minor		V	V7	5		2	2	2	3	7	A	C#	D	D	dominant seventh chord	1	True	True	True	True	True	3	3	3	False	False	False
388	2	97.0	76	4	E	0	2.5	0	2	4	1	1	1/8	True	-1	26	51	24	24b	5	97	False	False					False	105		V65	d	i		V65	V		65			Mm7	True	True	(5, 2, -1, 1)	()	1	5	minor	minor	i	i, minor	V		i	i	True	V65	V65, minor		V65, minor		V	V7	5		2	2	2	3	7	A	C#	D	D	dominant seventh chord	1	True	True	True	True	True	2	2	2	True	False	False
389	1	97.25	61	7	C	1	2.75	0	2	4	2	1	1/16	True	-1	26	51	24	24b	4	389/4	False	False					False	105		V65	d	i		V65	V		65			Mm7	True	True	(5, 2, -1, 1)	()	1	5	minor	minor	i	i, minor	V		i	i	True	V65	V65, minor		V65, minor		V	V7	5		2	2	2	3	7	A	C#	D	D	dominant seventh chord	1	True	True	True	True	True	5	5	5	True	False	True
390	0	97.5	76	4	E	0	1.0	1	2	4	1	1	0	True	-1	27	52	25	25a	5	195/2	False	True					False	106		i	d	i		i	i					m	True	True	(0, -3, 1)	()	0	0	minor	minor	i	i, minor	i		i	i	True	i	i, minor		i, minor		i	i	1		2	2	2	2	2	D	D	D	D	minor triad	0	True	True	True	True	True	2	2	2	False	False	False
390	1	97.5	62	2	D	0	1.0	1	2	4	2	1	1/16	True	-1	27	52	25	25a	4	195/2	False	True					False	106		i	d	i		i	i					m	True	True	(0, -3, 1)	()	0	0	minor	minor	i	i, minor	i		i	i	True	i	i, minor		i, minor		i	i	1		2	2	2	2	2	D	D	D	D	minor triad	0	True	True	True	True	True	0	0	0	True	True	True
390	2	97.5	77	-1	F	0	1.0	1	2	4	1	1	1/8	True	-1	27	52	25	25a	5	195/2	False	True					False	106		i	d	i		i	i					m	True	True	(0, -3, 1)	()	0	0	minor	minor	i	i, minor	i		i	i	True	i	i, minor		i, minor		i	i	1		2	2	2	2	2	D	D	D	D	minor triad	0	True	True	True	True	True	-3	-3	-3	True	False	False
391	1	97.75	64	4	E	0	1.25	0	2	4	2	1	1/16	True	-1	27	52	25	25a	4	391/4	False	False					False	106		i	d	i		i	i					m	True	True	(0, -3, 1)	()	0	0	minor	minor	i	i, minor	i		i	i	True	i	i, minor		i, minor		i	i	1		2	2	2	2	2	D	D	D	D	minor triad	0	True	True	True	True	True	2	2	2	False	False	False
392	1	98.0	61	7	C	1	1.5	0	2	4	2	1	1/16	True	-1	27	52	25	25a	4	98	False	False					False	106		i	d	i		i	i					m	True	True	(0, -3, 1)	()	0	0	minor	minor	i	i, minor	i		i	i	True	i	i, minor		i, minor		i	i	1		2	2	2	2	2	D	D	D	D	minor triad	0	True	True	True	True	True	5	5	5	False	False	False
392	2	98.0	81	3	A	0	1.5	0	2	4	1	1	1/8	True	-1	27	52	25	25a	5	98	False	False					False	106		i	d	i		i	i					m	True	True	(0, -3, 1)	()	0	0	minor	minor	i	i, minor	i		i	i	True	i	i, minor		i, minor		i	i	1		2	2	2	2	2	D	D	D	D	minor triad	0	True	True	True	True	True	1	1	1	True	False	False
393	1	98.25	62	2	D	0	1.75	0	2	4	2	1	1/16	True	-1	27	52	25	25a	4	393/4	False	False					False	106		i	d	i		i	i					m	True	True	(0, -3, 1)	()	0	0	minor	minor	i	i, minor	i		i	i	True	i	i, minor		i, minor		i	i	1		2	2	2	2	2	D	D	D	D	minor triad	0	True	True	True	True	True	0	0	0	True	True	True
394	1	98.5	64	4	E	0	2.0	2	2	4	2	1	1/16	True	-1	27	52	25	25a	4	197/2	False	True					False	107		V43	d	i		V43	V		43			Mm7	True	True	(2, -1, 1, 5)	()	1	2	minor	minor	i	i, minor	V		i	i	True	V43	V43, minor		V43, minor		V	V7	5		2	2	2	3	4	A	E	D	D	dominant seventh chord	2	True	True	True	True	True	2	2	2	True	False	True
394	2	98.5	81	3	A	0	2.0	2	2	4	1	1	1/8	True	-1	27	52	25	25a	5	197/2	False	True					False	107		V43	d	i		V43	V		43			Mm7	True	True	(2, -1, 1, 5)	()	1	2	minor	minor	i	i, minor	V		i	i	True	V43	V43, minor		V43, minor		V	V7	5		2	2	2	3	4	A	E	D	D	dominant seventh chord	2	True	True	True	True	True	1	1	1	True	True	False
395	1	98.75	65	-1	F	0	2.25	0	2	4	2	1	1/16	True	-1	27	52	25	25a	4	395/4	False	False					False	107		V43	d	i		V43	V		43			Mm7	True	True	(2, -1, 1, 5)	()	1	2	minor	minor	i	i, minor	V		i	i	True	V43	V43, minor		V43, minor		V	V7	5		2	2	2	3	4	A	E	D	D	dominant seventh chord	2	True	True	True	True	True	-3	-3	-3	False	False	False
396	1	99.0	62	2	D	0	2.5	0	2	4	2	1	1/16	True	-1	27	52	25	25a	4	99	False	False					False	107		V43	d	i		V43	V		43			Mm7	True	True	(2, -1, 1, 5)	()	1	2	minor	minor	i	i, minor	V		i	i	True	V43	V43, minor		V43, minor		V	V7	5		2	2	2	3	4	A	E	D	D	dominant seventh chord	2	True	True	True	True	True	0	0	0	False	False	False
396	2	99.0	73	7	C	1	2.5	0	2	4	1	1	1/8	True	-1	27	52	25	25a	5	99	False	False					False	107		V43	d	i		V43	V		43			Mm7	True	True	(2, -1, 1, 5)	()	1	2	minor	minor	i	i, minor	V		i	i	True	V43	V43, minor		V43, minor		V	V7	5		2	2	2	3	4	A	E	D	D	dominant seventh chord	2	True	True	True	True	True	5	5	5	True	False	False
397	1	99.25	64	4	E	0	2.75	0	2	4	2	1	1/16	True	-1	27	52	25	25a	4	397/4	False	False					False	107		V43	d	i		V43	V		43			Mm7	True	True	(2, -1, 1, 5)	()	1	2	minor	minor	i	i, minor	V		i	i	True	V43	V43, minor		V43, minor		V	V7	5		2	2	2	3	4	A	E	D	D	dominant seventh chord	2	True	True	True	True	True	2	2	2	True	False	True
398	0	99.5	73	7	C	1	1.0	1	2	4	1	1	0	True	-1	28	53	26	26a	5	199/2	False	True					False	108		i6	d	i		i6	i		6			m	True	True	(-3, 1, 0)	()	0	-3	minor	minor	i	i, minor	i		i	i	True	i6	i6, minor		i6, minor		i	i	1		2	2	2	2	-1	D	F	D	D	minor triad	1	True	True	True	True	True	5	5	5	False	False	False
398	2	99.5	65	-1	F	0	1.0	1	2	4	2	1	1/8	True	-1	28	53	26	26a	4	199/2	False	True					False	108		i6	d	i		i6	i		6			m	True	True	(-3, 1, 0)	()	0	-3	minor	minor	i	i, minor	i		i	i	True	i6	i6, minor		i6, minor		i	i	1		2	2	2	2	-1	D	F	D	D	minor triad	1	True	True	True	True	True	-3	-3	-3	True	False	True
398	2	99.5	74	2	D	0	1.0	1	2	4	1	1	1/8	True	-1	28	53	26	26a	5	199/2	False	True					False	108		i6	d	i		i6	i		6			m	True	True	(-3, 1, 0)	()	0	-3	minor	minor	i	i, minor	i		i	i	True	i6	i6, minor		i6, minor		i	i	1		2	2	2	2	-1	D	F	D	D	minor triad	1	True	True	True	True	True	0	0	0	True	True	False
400	2	100.0	62	2	D	0	1.5	0	2	4	2	1	1/8	True	-1	28	53	26	26a	4	100	False	True					False	109		i	d	i		i	i					m	True	True	(0, -3, 1)	()	0	0	minor	minor	i	i, minor	i		i	i	True	i	i, minor		i, minor		i	i	1		2	2	2	2	2	D	D	D	D	minor triad	0	True	True	True	True	True	0	0	0	True	True	True
400	1	100.0	74	2	D	0	1.5	0	2	4	1	1	1/16	True	-1	28	53	26	26a	5	100	False	True					False	109		i	d	i		i	i					m	True	True	(0, -3, 1)	()	0	0	minor	minor	i	i, minor	i		i	i	True	i	i, minor		i, minor		i	i	1		2	2	2	2	2	D	D	D	D	minor triad	0	True	True	True	True	True	0	0	0	True	True	True
401	1	100.25	76	4	E	0	1.75	0	2	4	1	1	1/16	True	-1	28	53	26	26a	5	401/4	False	False					False	109		i	d	i		i	i					m	True	True	(0, -3, 1)	()	0	0	minor	minor	i	i, minor	i		i	i	True	i	i, minor		i, minor		i	i	1		2	2	2	2	2	D	D	D	D	minor triad	0	True	True	True	True	True	2	2	2	False	False	False
402	2	100.5	62	2	D	0	2.0	2	2	4	2	1	1/8	True	-1	28	53	26	26a	4	201/2	False	True					False	110		iv.V	d	iv		V	V					M	True	True	(1, 5, 2)	()	1	1	minor	minor	iv	iv, minor	V		iv	iv	True	V	V, minor		V, minor		V	V	5		2	1	1	3	3	A	A	G	G	major triad	0	True	True	True	True	True	0	1	1	True	True	True
402	1	100.5	78	6	F	1	2.0	2	2	4	1	1	1/16	True	-1	28	53	26	26a	5	201/2	False	True					False	110		iv.V	d	iv		V	V					M	True	True	(1, 5, 2)	()	1	1	minor	minor	iv	iv, minor	V		iv	iv	True	V	V, minor		V, minor		V	V	5		2	1	1	3	3	A	A	G	G	major triad	0	True	True	True	True	True	4	5	5	True	False	False
403	1	100.75	79	1	G	0	2.25	0	2	4	1	1	1/16	True	-1	28	53	26	26a	5	403/4	False	False					False	110		iv.V	d	iv		V	V					M	True	True	(1, 5, 2)	()	1	1	minor	minor	iv	iv, minor	V		iv	iv	True	V	V, minor		V, minor		V	V	5		2	1	1	3	3	A	A	G	G	major triad	0	True	True	True	True	True	-1	0	0	False	False	False
404	2	101.0	57	3	A	0	2.5	0	2	4	2	1	1/8	True	-1	28	53	26	26a	3	101	False	True					False	111		V43	d	iv		V43	V		43			Mm7	True	True	(2, -1, 1, 5)	()	1	2	minor	minor	iv	iv, minor	V		iv	iv	True	V43	V43, minor		V43, minor		V	V7	5		2	1	1	3	4	A	E	G	G	dominant seventh chord	2	True	True	True	True	True	1	2	2	True	False	True
404	1	101.0	76	4	E	0	2.5	0	2	4	1	1	1/16	True	-1	28	53	26	26a	5	101	False	True					False	111		V43	d	iv		V43	V		43			Mm7	True	True	(2, -1, 1, 5)	()	1	2	minor	minor	iv	iv, minor	V		iv	iv	True	V43	V43, minor		V43, minor		V	V7	5		2	1	1	3	4	A	E	G	G	dominant seventh chord	2	True	True	True	True	True	2	3	3	False	False	False
405	1	101.25	78	6	F	1	2.75	0	2	4	1	1	1/16	True	-1	28	53	26	26a	5	405/4	False	False					False	111		V43	d	iv		V43	V		43			Mm7	True	True	(2, -1, 1, 5)	()	1	2	minor	minor	iv	iv, minor	V		iv	iv	True	V43	V43, minor		V43, minor		V	V7	5		2	1	1	3	4	A	E	G	G	dominant seventh chord	2	True	True	True	True	True	4	5	5	True	False	False
406	2	101.5	58	-2	B	-1	1.0	1	2	4	2	1	1/8	True	-1	29	54	27	27a	3	203/2	False	True					False	112		i6	d	iv		i6	i		6			m	True	True	(-3, 1, 0)	()	0	-3	minor	minor	iv	iv, minor	i		iv	iv	True	i6	i6, minor		i6, minor		i	i	1		2	1	1	2	-1	D	F	G	G	minor triad	1	True	True	True	True	True	-4	-3	-3	True	False	True
406	1	101.5	79	1	G	0	1.0	1	2	4	1	1	1/16	True	-1	29	54	27	27a	5	203/2	False	True					False	112		i6	d	iv		i6	i		6			m	True	True	(-3, 1, 0)	()	0	-3	minor	minor	iv	iv, minor	i		iv	iv	True	i6	i6, minor		i6, minor		i	i	1		2	1	1	2	-1	D	F	G	G	minor triad	1	True	True	True	True	True	-1	0	0	True	True	False
407	1	101.75	81	3	A	0	1.25	0	2	4	1	1	1/16	True	-1	29	54	27	27a	5	407/4	False	False					False	112		i6	d	iv		i6	i		6			m	True	True	(-3, 1, 0)	()	0	-3	minor	minor	iv	iv, minor	i		iv	iv	True	i6	i6, minor		i6, minor		i	i	1		2	1	1	2	-1	D	F	G	G	minor triad	1	True	True	True	True	True	1	2	2	False	False	False
408	2	102.0	62	2	D	0	1.5	0	2	4	2	1	1/8	True	-1	29	54	27	27a	4	102	False	True					False	113		V	d	iv		V	V					M	True	True	(1, 5, 2)	()	1	1	minor	minor	iv	iv, minor	V		iv	iv	True	V	V, minor		V, minor		V	V	5		2	1	1	3	3	A	A	G	G	major triad	0	True	True	True	True	True	0	1	1	True	True	True
408	1	102.0	78	6	F	1	1.5	0	2	4	1	1	1/16	True	-1	29	54	27	27a	5	102	False	True					False	113		V	d	iv		V	V					M	True	True	(1, 5, 2)	()	1	1	minor	minor	iv	iv, minor	V		iv	iv	True	V	V, minor		V, minor		V	V	5		2	1	1	3	3	A	A	G	G	major triad	0	True	True	True	True	True	4	5	5	True	False	False
409	1	102.25	79	1	G	0	1.75	0	2	4	1	1	1/16	True	-1	29	54	27	27a	5	409/4	False	False					False	113		V	d	iv		V	V					M	True	True	(1, 5, 2)	()	1	1	minor	minor	iv	iv, minor	V		iv	iv	True	V	V, minor		V, minor		V	V	5		2	1	1	3	3	A	A	G	G	major triad	0	True	True	True	True	True	-1	0	0	False	False	False
410	2	102.5	62	2	D	0	2.0	2	2	4	2	1	1/8	True	-1	29	54	27	27a	4	205/2	False	False					False	113		V	d	iv		V	V					M	True	True	(1, 5, 2)	()	1	1	minor	minor	iv	iv, minor	V		iv	iv	True	V	V, minor		V, minor		V	V	5		2	1	1	3	3	A	A	G	G	major triad	0	True	True	True	True	True	0	1	1	True	True	True
410	1	102.5	81	3	A	0	2.0	2	2	4	1	1	1/16	True	-1	29	54	27	27a	5	205/2	False	False					False	113		V	d	iv		V	V					M	True	True	(1, 5, 2)	()	1	1	minor	minor	iv	iv, minor	V		iv	iv	True	V	V, minor		V, minor		V	V	5		2	1	1	3	3	A	A	G	G	major triad	0	True	True	True	True	True	1	2	2	True	False	False
411	1	102.75	82	-2	B	-1	2.25	0	2	4	1	1	1/16	True	-1	29	54	27	27a	5	411/4	False	False					False	113		V	d	iv		V	V					M	True	True	(1, 5, 2)	()	1	1	minor	minor	iv	iv, minor	V		iv	iv	True	V	V, minor		V, minor		V	V	5		2	1	1	3	3	A	A	G	G	major triad	0	True	True	True	True	True	-4	-3	-3	False	False	False
412	2	103.0	54	6	F	1	2.5	0	2	4	2	1	1/8	True	-1	29	54	27	27a	3	103	False	True					False	114		V65	d	iv		V65	V		65			Mm7	True	True	(5, 2, -1, 1)	()	1	5	minor	minor	iv	iv, minor	V		iv	iv	True	V65	V65, minor		V65, minor		V	V7	5		2	1	1	3	7	A	C#	G	G	dominant seventh chord	1	True	True	True	True	True	4	5	5	True	False	True
412	1	103.0	79	1	G	0	2.5	0	2	4	1	1	1/16	True	-1	29	54	27	27a	5	103	False	True					False	114		V65	d	iv		V65	V		65			Mm7	True	True	(5, 2, -1, 1)	()	1	5	minor	minor	iv	iv, minor	V		iv	iv	True	V65	V65, minor		V65, minor		V	V7	5		2	1	1	3	7	A	C#	G	G	dominant seventh chord	1	True	True	True	True	True	-1	0	0	False	False	False
413	1	103.25	81	3	A	0	2.75	0	2	4	1	1	1/16	True	-1	29	54	27	27a	5	413/4	False	False					False	114		V65	d	iv		V65	V		65			Mm7	True	True	(5, 2, -1, 1)	()	1	5	minor	minor	iv	iv, minor	V		iv	iv	True	V65	V65, minor		V65, minor		V	V7	5		2	1	1	3	7	A	C#	G	G	dominant seventh chord	1	True	True	True	True	True	1	2	2	True	False	False
414	0	103.5	81	3	A	0	1.0	1	2	4	1	1	0	True	-1	30	55	28	28a	5	207/2	False	True					False	115		i	d	iv		i	i					m	True	True	(0, -3, 1)	()	0	0	minor	minor	iv	iv, minor	i		iv	iv	True	i	i, minor		i, minor		i	i	1		2	1	1	2	2	D	D	G	G	minor triad	0	True	True	True	True	True	1	2	2	False	False	False
414	2	103.5	55	1	G	0	1.0	1	2	4	2	1	1/8	True	-1	30	55	28	28a	3	207/2	False	True					False	115		i	d	iv		i	i					m	True	True	(0, -3, 1)	()	0	0	minor	minor	iv	iv, minor	i		iv	iv	True	i	i, minor		i, minor		i	i	1		2	1	1	2	2	D	D	G	G	minor triad	0	True	True	True	True	True	-1	0	0	True	True	True
414	2	103.5	82	-2	B	-1	1.0	1	2	4	1	1	1/8	True	-1	30	55	28	28a	5	207/2	False	True					False	115		i	d	iv		i	i					m	True	True	(0, -3, 1)	()	0	0	minor	minor	iv	iv, minor	i		iv	iv	True	i	i, minor		i, minor		i	i	1		2	1	1	2	2	D	D	G	G	minor triad	0	True	True	True	True	True	-4	-3	-3	True	False	False
416	1	104.0	60	0	C	0	1.5	0	2	4	2	1	1/16	True	-1	30	55	28	28a	4	104	False	True					False	116		iv	d	iv		iv	iv					m	True	True	(-1, -4, 0)	()	-1	-1	minor	minor	iv	iv, minor	iv		iv	iv	True	iv	iv, minor		iv, minor		iv	iv	4		2	1	1	1	1	G	G	G	G	minor triad	0	True	True	True	True	True	-2	-1	-1	True	True	True
416	2	104.0	75	-3	E	-1	1.5	0	2	4	1	1	1/8	True	-1	30	55	28	28a	5	104	False	True					False	116		iv	d	iv		iv	iv					m	True	True	(-1, -4, 0)	()	-1	-1	minor	minor	iv	iv, minor	iv		iv	iv	True	iv	iv, minor		iv, minor		iv	iv	4		2	1	1	1	1	G	G	G	G	minor triad	0	True	True	True	True	True	-5	-4	-4	True	False	False
417	1	104.25	58	-2	B	-1	1.75	0	2	4	2	1	1/16	True	-1	30	55	28	28a	3	417/4	False	False					False	116		iv	d	iv		iv	iv					m	True	True	(-1, -4, 0)	()	-1	-1	minor	minor	iv	iv, minor	iv		iv	iv	True	iv	iv, minor		iv, minor		iv	iv	4		2	1	1	1	1	G	G	G	G	minor triad	0	True	True	True	True	True	-4	-3	-3	False	False	False
418	1	104.5	60	0	C	0	2.0	2	2	4	2	1	1/16	True	-1	30	55	28	28a	4	209/2	False	False					False	116		iv	d	iv		iv	iv					m	True	True	(-1, -4, 0)	()	-1	-1	minor	minor	iv	iv, minor	iv		iv	iv	True	iv	iv, minor		iv, minor		iv	iv	4		2	1	1	1	1	G	G	G	G	minor triad	0	True	True	True	True	True	-2	-1	-1	True	True	True
418	2	104.5	75	-3	E	-1	2.0	2	2	4	1	1	1/8	True	-1	30	55	28	28a	5	209/2	False	False					False	116		iv	d	iv		iv	iv					m	True	True	(-1, -4, 0)	()	-1	-1	minor	minor	iv	iv, minor	iv		iv	iv	True	iv	iv, minor		iv, minor		iv	iv	4		2	1	1	1	1	G	G	G	G	minor triad	0	True	True	True	True	True	-5	-4	-4	True	False	False
419	1	104.75	58	-2	B	-1	2.25	0	2	4	2	1	1/16	True	-1	30	55	28	28a	3	419/4	False	False					False	116		iv	d	iv		iv	iv					m	True	True	(-1, -4, 0)	()	-1	-1	minor	minor	iv	iv, minor	iv		iv	iv	True	iv	iv, minor		iv, minor		iv	iv	4		2	1	1	1	1	G	G	G	G	minor triad	0	True	True	True	True	True	-4	-3	-3	False	False	False
420	1	105.0	57	3	A	0	2.5	0	2	4	2	1	1/16	True	-1	30	55	28	28a	3	105	False	False					False	116		iv	d	iv		iv	iv					m	True	True	(-1, -4, 0)	()	-1	-1	minor	minor	iv	iv, minor	iv		iv	iv	True	iv	iv, minor		iv, minor		iv	iv	4		2	1	1	1	1	G	G	G	G	minor triad	0	True	True	True	True	True	1	2	2	False	False	False
420	2	105.0	70	-2	B	-1	2.5	0	2	4	1	1	1/8	True	-1	30	55	28	28a	4	105	False	False					False	116		iv	d	iv		iv	iv					m	True	True	(-1, -4, 0)	()	-1	-1	minor	minor	iv	iv, minor	iv		iv	iv	True	iv	iv, minor		iv, minor		iv	iv	4		2	1	1	1	1	G	G	G	G	minor triad	0	True	True	True	True	True	-4	-3	-3	False	False	False
421	1	105.25	55	1	G	0	2.75	0	2	4	2	1	1/16	True	-1	30	55	28	28a	3	421/4	False	False					False	116		iv	d	iv		iv	iv					m	True	True	(-1, -4, 0)	()	-1	-1	minor	minor	iv	iv, minor	iv		iv	iv	True	iv	iv, minor		iv, minor		iv	iv	4		2	1	1	1	1	G	G	G	G	minor triad	0	True	True	True	True	True	-1	0	0	True	False	False
422	2	105.5	54	6	F	1	1.0	1	2	4	2	1	1/8	True	-1	31	56	29	29a	3	211/2	False	True					False	117		#viio7	d	iv		#viio7	#vii	o	7			o7	True	True	(5, 2, -1, -4)	()	5	5	minor	minor	iv	iv, minor	#vii		iv	iv	True	#viio7	#viio7, minor		#viio7, minor		#vii	viio7	#7		2	1	1	7	7	C#	C#	G	G	diminished seventh chord	7	True	True	True	True	True	4	5	5	True	True	True
422	2	105.5	69	3	A	0	1.0	1	2	4	1	1	1/8	True	-1	31	56	29	29a	4	211/2	False	True					False	117		#viio7	d	iv		#viio7	#vii	o	7			o7	True	True	(5, 2, -1, -4)	()	5	5	minor	minor	iv	iv, minor	#vii		iv	iv	True	#viio7	#viio7, minor		#viio7, minor		#vii	viio7	#7		2	1	1	7	7	C#	C#	G	G	diminished seventh chord	7	True	True	True	True	True	1	2	2	True	False	False
424	1	106.0	58	-2	B	-1	1.5	0	2	4	2	1	1/16	True	-1	31	56	29	29a	3	106	False	True					False	118		i6	d	iv		i6	i		6			m	True	True	(-3, 1, 0)	()	0	-3	minor	minor	iv	iv, minor	i		iv	iv	True	i6	i6, minor		i6, minor		i	i	1		2	1	1	2	-1	D	F	G	G	minor triad	1	True	True	True	True	True	-4	-3	-3	True	False	True
424	2	106.0	74	2	D	0	1.5	0	2	4	1	1	1/8	True	-1	31	56	29	29a	5	106	False	True					False	118		i6	d	iv		i6	i		6			m	True	True	(-3, 1, 0)	()	0	-3	minor	minor	iv	iv, minor	i		iv	iv	True	i6	i6, minor		i6, minor		i	i	1		2	1	1	2	-1	D	F	G	G	minor triad	1	True	True	True	True	True	0	1	1	True	False	False
425	1	106.25	57	3	A	0	1.75	0	2	4	2	1	1/16	True	-1	31	56	29	29a	3	425/4	False	False					False	118		i6	d	iv		i6	i		6			m	True	True	(-3, 1, 0)	()	0	-3	minor	minor	iv	iv, minor	i		iv	iv	True	i6	i6, minor		i6, minor		i	i	1		2	1	1	2	-1	D	F	G	G	minor triad	1	True	True	True	True	True	1	2	2	False	False	False
426	1	106.5	58	-2	B	-1	2.0	2	2	4	2	1	1/16	True	-1	31	56	29	29a	3	213/2	False	False					False	118		i6	d	iv		i6	i		6			m	True	True	(-3, 1, 0)	()	0	-3	minor	minor	iv	iv, minor	i		iv	iv	True	i6	i6, minor		i6, minor		i	i	1		2	1	1	2	-1	D	F	G	G	minor triad	1	True	True	True	True	True	-4	-3	-3	True	False	True
426	2	106.5	74	2	D	0	2.0	2	2	4	1	1	1/8	True	-1	31	56	29	29a	5	213/2	False	False					False	118		i6	d	iv		i6	i		6			m	True	True	(-3, 1, 0)	()	0	-3	minor	minor	iv	iv, minor	i		iv	iv	True	i6	i6, minor		i6, minor		i	i	1		2	1	1	2	-1	D	F	G	G	minor triad	1	True	True	True	True	True	0	1	1	True	False	False
427	1	106.75	57	3	A	0	2.25	0	2	4	2	1	1/16	True	-1	31	56	29	29a	3	427/4	False	False					False	118		i6	d	iv		i6	i		6			m	True	True	(-3, 1, 0)	()	0	-3	minor	minor	iv	iv, minor	i		iv	iv	True	i6	i6, minor		i6, minor		i	i	1		2	1	1	2	-1	D	F	G	G	minor triad	1	True	True	True	True	True	1	2	2	False	False	False
428	1	107.0	55	1	G	0	2.5	0	2	4	2	1	1/16	True	-1	31	56	29	29a	3	107	False	False					False	118		i6	d	iv		i6	i		6			m	True	True	(-3, 1, 0)	()	0	-3	minor	minor	iv	iv, minor	i		iv	iv	True	i6	i6, minor		i6, minor		i	i	1		2	1	1	2	-1	D	F	G	G	minor triad	1	True	True	True	True	True	-1	0	0	True	True	False
428	2	107.0	69	3	A	0	2.5	0	2	4	1	1	1/8	True	-1	31	56	29	29a	4	107	False	False					False	118		i6	d	iv		i6	i		6			m	True	True	(-3, 1, 0)	()	0	-3	minor	minor	iv	iv, minor	i		iv	iv	True	i6	i6, minor		i6, minor		i	i	1		2	1	1	2	-1	D	F	G	G	minor triad	1	True	True	True	True	True	1	2	2	False	False	False
429	1	107.25	53	-1	F	0	2.75	0	2	4	2	1	1/16	True	-1	31	56	29	29a	3	429/4	False	False					False	118		i6	d	iv		i6	i		6			m	True	True	(-3, 1, 0)	()	0	-3	minor	minor	iv	iv, minor	i		iv	iv	True	i6	i6, minor		i6, minor		i	i	1		2	1	1	2	-1	D	F	G	G	minor triad	1	True	True	True	True	True	-3	-2	-2	False	False	False
430	2	107.5	52	4	E	0	1.0	1	2	4	2	1	1/8	True	-1	32	57	30	30a	3	215/2	False	True					False	119		#vi%7	d	iv		#vi%7	#vi	%	7			%7	True	True	(3, 0, -3, 1)	()	3	3	minor	minor	iv	iv, minor	#vi		iv	iv	True	#vi%7	#vi%7, minor		#vi%7, minor		#vi	vi%7	#6		2	1	1	5	5	B	B	G	G	half-diminished seventh chord	7	True	True	True	True	True	2	3	3	True	True	True
430	2	107.5	67	1	G	0	1.0	1	2	4	1	1	1/8	True	-1	32	57	30	30a	4	215/2	False	True					False	119		#vi%7	d	iv		#vi%7	#vi	%	7			%7	True	True	(3, 0, -3, 1)	()	3	3	minor	minor	iv	iv, minor	#vi		iv	iv	True	#vi%7	#vi%7, minor		#vi%7, minor		#vi	vi%7	#6		2	1	1	5	5	B	B	G	G	half-diminished seventh chord	7	True	True	True	True	True	-1	0	0	True	False	False
432	1	108.0	57	3	A	0	1.5	0	2	4	2	1	1/16	True	-1	32	57	30	30a	3	108	False	True					False	120		iio	d	iv		iio	ii	o				o	True	True	(2, -1, -4)	()	2	2	minor	minor	iv	iv, minor	ii		iv	iv	True	iio	iio, minor		iio, minor		ii	iio	2		2	1	1	4	4	E	E	G	G	diminished triad	0	True	True	True	True	True	1	2	2	True	True	True
432	2	108.0	72	0	C	0	1.5	0	2	4	1	1	1/8	True	-1	32	57	30	30a	5	108	False	True					False	120		iio	d	iv		iio	ii	o				o	True	True	(2, -1, -4)	()	2	2	minor	minor	iv	iv, minor	ii		iv	iv	True	iio	iio, minor		iio, minor		ii	iio	2		2	1	1	4	4	E	E	G	G	diminished triad	0	True	True	True	True	True	-2	-1	-1	True	False	False
433	1	108.25	55	1	G	0	1.75	0	2	4	2	1	1/16	True	-1	32	57	30	30a	3	433/4	False	False					False	120		iio	d	iv		iio	ii	o				o	True	True	(2, -1, -4)	()	2	2	minor	minor	iv	iv, minor	ii		iv	iv	True	iio	iio, minor		iio, minor		ii	iio	2		2	1	1	4	4	E	E	G	G	diminished triad	0	True	True	True	True	True	-1	0	0	False	False	False
434	1	108.5	57	3	A	0	2.0	2	2	4	2	1	1/16	True	-1	32	57	30	30a	3	217/2	False	False					False	120		iio	d	iv		iio	ii	o				o	True	True	(2, -1, -4)	()	2	2	minor	minor	iv	iv, minor	ii		iv	iv	True	iio	iio, minor		iio, minor		ii	iio	2		2	1	1	4	4	E	E	G	G	diminished triad	0	True	True	True	True	True	1	2	2	True	True	True
434	2	108.5	72	0	C	0	2.0	2	2	4	1	1	1/8	True	-1	32	57	30	30a	5	217/2	False	False					False	120		iio	d	iv		iio	ii	o				o	True	True	(2, -1, -4)	()	2	2	minor	minor	iv	iv, minor	ii		iv	iv	True	iio	iio, minor		iio, minor		ii	iio	2		2	1	1	4	4	E	E	G	G	diminished triad	0	True	True	True	True	True	-2	-1	-1	True	False	False
435	1	108.75	55	1	G	0	2.25	0	2	4	2	1	1/16	True	-1	32	57	30	30a	3	435/4	False	False					False	120		iio	d	iv		iio	ii	o				o	True	True	(2, -1, -4)	()	2	2	minor	minor	iv	iv, minor	ii		iv	iv	True	iio	iio, minor		iio, minor		ii	iio	2		2	1	1	4	4	E	E	G	G	diminished triad	0	True	True	True	True	True	-1	0	0	False	False	False
436	1	109.0	53	-1	F	0	2.5	0	2	4	2	1	1/16	True	-1	32	57	30	30a	3	109	False	False					False	120		iio	d	iv		iio	ii	o				o	True	True	(2, -1, -4)	()	2	2	minor	minor	iv	iv, minor	ii		iv	iv	True	iio	iio, minor		iio, minor		ii	iio	2		2	1	1	4	4	E	E	G	G	diminished triad	0	True	True	True	True	True	-3	-2	-2	False	False	False
436	2	109.0	67	1	G	0	2.5	0	2	4	1	1	1/8	True	-1	32	57	30	30a	4	109	False	False					False	120		iio	d	iv		iio	ii	o				o	True	True	(2, -1, -4)	()	2	2	minor	minor	iv	iv, minor	ii		iv	iv	True	iio	iio, minor		iio, minor		ii	iio	2		2	1	1	4	4	E	E	G	G	diminished triad	0	True	True	True	True	True	-1	0	0	False	False	False
437	1	109.25	51	-3	E	-1	2.75	0	2	4	2	1	1/16	True	-1	32	57	30	30a	3	437/4	False	False					False	120		iio	d	iv		iio	ii	o				o	True	True	(2, -1, -4)	()	2	2	minor	minor	iv	iv, minor	ii		iv	iv	True	iio	iio, minor		iio, minor		ii	iio	2		2	1	1	4	4	E	E	G	G	diminished triad	0	True	True	True	True	True	-5	-4	-4	True	False	False
438	2	109.5	50	2	D	0	1.0	1	2	4	2	1	1/8	True	-1	33	58	31	31a	3	219/2	False	True					False	121		V7	d	iv		V7	V		7			Mm7	True	True	(1, 5, 2, -1)	()	1	1	minor	minor	iv	iv, minor	V		iv	iv	True	V7	V7, minor		V7, minor		V	V7	5		2	1	1	3	3	A	A	G	G	dominant seventh chord	7	True	True	True	True	True	0	1	1	True	True	True
438	2	109.5	66	6	F	1	1.0	1	2	4	1	1	1/8	True	-1	33	58	31	31a	4	219/2	False	True					False	121		V7	d	iv		V7	V		7			Mm7	True	True	(1, 5, 2, -1)	()	1	1	minor	minor	iv	iv, minor	V		iv	iv	True	V7	V7, minor		V7, minor		V	V7	5		2	1	1	3	3	A	A	G	G	dominant seventh chord	7	True	True	True	True	True	4	5	5	True	False	False
440	1	110.0	51	-3	E	-1	1.5	0	2	4	2	1	1/16	True	-1	33	58	31	31a	3	110	False	True					False	122		VI	d	iv		VI	VI					M	True	True	(-4, 0, -3)	()	-4	-4	minor	minor	iv	iv, minor	VI		iv	iv	True	VI	VI, minor		VI, minor		VI	VI	6		2	1	1	-2	-2	Bb	Bb	G	G	major triad	0	True	True	True	True	True	-5	-4	-4	True	True	True
440	1	110.0	67	1	G	0	1.5	0	2	4	1	1	1/16	True	-1	33	58	31	31a	4	110	False	True					False	122		VI	d	iv		VI	VI					M	True	True	(-4, 0, -3)	()	-4	-4	minor	minor	iv	iv, minor	VI		iv	iv	True	VI	VI, minor		VI, minor		VI	VI	6		2	1	1	-2	-2	Bb	Bb	G	G	major triad	0	True	True	True	True	True	-1	0	0	True	False	False
441	1	110.25	48	0	C	0	1.75	0	2	4	2	1	1/16	True	-1	33	58	31	31a	3	441/4	False	True					False	123		ii%65	d	iv		ii%65	ii	%	65			%7	True	True	(-1, -4, 0, 2)	()	2	-1	minor	minor	iv	iv, minor	ii		iv	iv	True	ii%65	ii%65, minor		ii%65, minor		ii	ii%7	2		2	1	1	4	1	E	G	G	G	half-diminished seventh chord	1	True	True	True	True	True	-2	-1	-1	True	False	True
441	1	110.25	69	3	A	0	1.75	0	2	4	1	1	1/16	True	-1	33	58	31	31a	4	441/4	False	True					False	123		ii%65	d	iv		ii%65	ii	%	65			%7	True	True	(-1, -4, 0, 2)	()	2	-1	minor	minor	iv	iv, minor	ii		iv	iv	True	ii%65	ii%65, minor		ii%65, minor		ii	ii%7	2		2	1	1	4	1	E	G	G	G	half-diminished seventh chord	1	True	True	True	True	True	1	2	2	True	True	False
442	2	110.5	50	2	D	0	2.0	2	2	4	2	1	1/8	True	-1	33	58	31	31a	3	221/2	False	True					False	124		V	d	iv		V	V					M	True	True	(1, 5, 2)	()	1	1	minor	minor	iv	iv, minor	V		iv	iv	True	V	V, minor		V, minor		V	V	5		2	1	1	3	3	A	A	G	G	major triad	0	True	True	True	True	True	0	1	1	True	True	True
442	3	110.5	69	3	A	0	2.0	2	2	4	1	1	3/16	True	-1	33	58	31	31a	4	221/2	False	True					False	124		V	d	iv		V	V					M	True	True	(1, 5, 2)	()	1	1	minor	minor	iv	iv, minor	V		iv	iv	True	V	V, minor		V, minor		V	V	5		2	1	1	3	3	A	A	G	G	major triad	0	True	True	True	True	True	1	2	2	True	False	False
444	2	111.0	38	2	D	0	2.5	0	2	4	2	1	1/8	True	-1	33	58	31	31a	2	111	False	False					False	124		V	d	iv		V	V					M	True	True	(1, 5, 2)	()	1	1	minor	minor	iv	iv, minor	V		iv	iv	True	V	V, minor		V, minor		V	V	5		2	1	1	3	3	A	A	G	G	major triad	0	True	True	True	True	True	0	1	1	True	True	True
445	1	111.25	67	1	G	0	2.75	0	2	4	1	1	1/16	True	-1	33	58	31	31a	4	445/4	False	True					False	125		V7	d	iv		V7	V		7			Mm7	True	True	(1, 5, 2, -1)	()	1	1	minor	minor	iv	iv, minor	V		iv	iv	True	V7	V7, minor		V7, minor		V	V7	5		2	1	1	3	3	A	A	G	G	dominant seventh chord	7	True	True	True	True	True	-1	0	0	False	False	False
446	2	111.5	43	1	G	0	1.0	1	2	4	2	1	1/8	True	-1	34	59	32	32a	2	223/2	False	True	PAC	PAC		}	True	126		i|PAC}	d	iv		i	i					m	True	True	(0, -3, 1)	()	0	0	minor	minor	iv	iv, minor	i		iv	iv	True	i	i, minor		i, minor		i	i	1		2	1	1	2	2	D	D	G	G	minor triad	0	True	True	True	True	True	-1	0	0	True	True	True
446	2	111.5	58	-2	B	-1	1.0	1	2	4	1	1	1/8	True	-1	34	59	32	32a	3	223/2	False	True	PAC	PAC		}	True	126		i|PAC}	d	iv		i	i					m	True	True	(0, -3, 1)	()	0	0	minor	minor	iv	iv, minor	i		iv	iv	True	i	i, minor		i, minor		i	i	1		2	1	1	2	2	D	D	G	G	minor triad	0	True	True	True	True	True	-4	-3	-3	True	False	False
446	2	111.5	62	2	D	0	1.0	1	2	4	1	1	1/8	True	-1	34	59	32	32a	4	223/2	False	True	PAC	PAC		}	True	126		i|PAC}	d	iv		i	i					m	True	True	(0, -3, 1)	()	0	0	minor	minor	iv	iv, minor	i		iv	iv	True	i	i, minor		i, minor		i	i	1		2	1	1	2	2	D	D	G	G	minor triad	0	True	True	True	True	True	0	1	1	True	False	False
446	2	111.5	67	1	G	0	1.0	1	2	4	1	1	1/8	True	-1	34	59	32	32a	4	223/2	False	True	PAC	PAC		}	True	126		i|PAC}	d	iv		i	i					m	True	True	(0, -3, 1)	()	0	0	minor	minor	iv	iv, minor	i		iv	iv	True	i	i, minor		i, minor		i	i	1		2	1	1	2	2	D	D	G	G	minor triad	0	True	True	True	True	True	-1	0	0	True	True	True
448	1	112.0	55	1	G	0	1.5	0	2	4	2	1	1/16	True	-1	34	59	32	32a	3	112	False	True				{	False	127		VII.V{	d	VII		V	V					M	True	False	(1, 5, 2)	()	1	1	minor	major	VII	VII, minor	V		VII	VII	False	V	V, major		V, major		V	V	5		2	0	0	3	3	A	A	C	C	major triad	0	True	True	True	True	True	-1	1	1	True	True	True
448	2	112.0	79	1	G	0	1.5	0	2	4	1	1	1/8	True	-1	34	59	32	32a	5	112	False	True				{	False	127		VII.V{	d	VII		V	V					M	True	False	(1, 5, 2)	()	1	1	minor	major	VII	VII, minor	V		VII	VII	False	V	V, major		V, major		V	V	5		2	0	0	3	3	A	A	C	C	major triad	0	True	True	True	True	True	-1	1	1	True	True	True
449	1	112.25	57	3	A	0	1.75	0	2	4	2	1	1/16	True	-1	34	59	32	32a	3	449/4	False	False					False	127		VII.V{	d	VII		V	V					M	True	False	(1, 5, 2)	()	1	1	minor	major	VII	VII, minor	V		VII	VII	False	V	V, major		V, major		V	V	5		2	0	0	3	3	A	A	C	C	major triad	0	True	True	True	True	True	1	3	3	False	False	False
450	1	112.5	59	5	B	0	2.0	2	2	4	2	1	1/16	True	-1	34	59	32	32a	3	225/2	False	True					False	128		V65	d	VII		V65	V		65			Mm7	True	False	(5, 2, -1, 1)	()	1	5	minor	major	VII	VII, minor	V		VII	VII	False	V65	V65, major		V65, major		V	V7	5		2	0	0	3	7	A	C#	C	C	dominant seventh chord	1	True	True	True	True	True	3	5	5	True	False	True
450	2	112.5	79	1	G	0	2.0	2	2	4	1	1	1/8	True	-1	34	59	32	32a	5	225/2	False	True					False	128		V65	d	VII		V65	V		65			Mm7	True	False	(5, 2, -1, 1)	()	1	5	minor	major	VII	VII, minor	V		VII	VII	False	V65	V65, major		V65, major		V	V7	5		2	0	0	3	7	A	C#	C	C	dominant seventh chord	1	True	True	True	True	True	-1	1	1	True	True	False
451	1	112.75	60	0	C	0	2.25	0	2	4	2	1	1/16	True	-1	34	59	32	32a	4	451/4	False	False					False	128		V65	d	VII		V65	V		65			Mm7	True	False	(5, 2, -1, 1)	()	1	5	minor	major	VII	VII, minor	V		VII	VII	False	V65	V65, major		V65, major		V	V7	5		2	0	0	3	7	A	C#	C	C	dominant seventh chord	1	True	True	True	True	True	-2	0	0	False	False	False
452	1	113.0	57	3	A	0	2.5	0	2	4	2	1	1/16	True	-1	34	59	32	32a	3	113	False	False					False	128		V65	d	VII		V65	V		65			Mm7	True	False	(5, 2, -1, 1)	()	1	5	minor	major	VII	VII, minor	V		VII	VII	False	V65	V65, major		V65, major		V	V7	5		2	0	0	3	7	A	C#	C	C	dominant seventh chord	1	True	True	True	True	True	1	3	3	False	False	False
452	2	113.0	74	2	D	0	2.5	0	2	4	1	1	1/8	True	-1	34	59	32	32a	5	113	False	False					False	128		V65	d	VII		V65	V		65			Mm7	True	False	(5, 2, -1, 1)	()	1	5	minor	major	VII	VII, minor	V		VII	VII	False	V65	V65, major		V65, major		V	V7	5		2	0	0	3	7	A	C#	C	C	dominant seventh chord	1	True	True	True	True	True	0	2	2	True	False	False
453	1	113.25	59	5	B	0	2.75	0	2	4	2	1	1/16	True	-1	34	59	32	32a	3	453/4	False	False					False	128		V65	d	VII		V65	V		65			Mm7	True	False	(5, 2, -1, 1)	()	1	5	minor	major	VII	VII, minor	V		VII	VII	False	V65	V65, major		V65, major		V	V7	5		2	0	0	3	7	A	C#	C	C	dominant seventh chord	1	True	True	True	True	True	3	5	5	True	False	True
454	1	113.5	60	0	C	0	1.0	1	2	4	2	1	1/16	True	-1	35	60	33	33a	4	227/2	False	True					False	129		I	d	VII		I	I					M	True	False	(0, 4, 1)	()	0	0	minor	major	VII	VII, minor	I		VII	VII	False	I	I, major		I, major		I	I	1		2	0	0	2	2	D	D	C	C	major triad	0	True	True	True	True	True	-2	0	0	True	True	True
454	2	113.5	76	4	E	0	1.0	1	2	4	1	1	1/8	True	-1	35	60	33	33a	5	227/2	False	True					False	129		I	d	VII		I	I					M	True	False	(0, 4, 1)	()	0	0	minor	major	VII	VII, minor	I		VII	VII	False	I	I, major		I, major		I	I	1		2	0	0	2	2	D	D	C	C	major triad	0	True	True	True	True	True	2	4	4	True	False	False
455	1	113.75	62	2	D	0	1.25	0	2	4	2	1	1/16	True	-1	35	60	33	33a	4	455/4	False	False					False	129		I	d	VII		I	I					M	True	False	(0, 4, 1)	()	0	0	minor	major	VII	VII, minor	I		VII	VII	False	I	I, major		I, major		I	I	1		2	0	0	2	2	D	D	C	C	major triad	0	True	True	True	True	True	0	2	2	False	False	False
456	1	114.0	59	5	B	0	1.5	0	2	4	2	1	1/16	True	-1	35	60	33	33a	3	114	False	False					False	129		I	d	VII		I	I					M	True	False	(0, 4, 1)	()	0	0	minor	major	VII	VII, minor	I		VII	VII	False	I	I, major		I, major		I	I	1		2	0	0	2	2	D	D	C	C	major triad	0	True	True	True	True	True	3	5	5	False	False	False
456	2	114.0	79	1	G	0	1.5	0	2	4	1	1	1/8	True	-1	35	60	33	33a	5	114	False	False					False	129		I	d	VII		I	I					M	True	False	(0, 4, 1)	()	0	0	minor	major	VII	VII, minor	I		VII	VII	False	I	I, major		I, major		I	I	1		2	0	0	2	2	D	D	C	C	major triad	0	True	True	True	True	True	-1	1	1	True	False	False
457	1	114.25	60	0	C	0	1.75	0	2	4	2	1	1/16	True	-1	35	60	33	33a	4	457/4	False	False					False	129		I	d	VII		I	I					M	True	False	(0, 4, 1)	()	0	0	minor	major	VII	VII, minor	I		VII	VII	False	I	I, major		I, major		I	I	1		2	0	0	2	2	D	D	C	C	major triad	0	True	True	True	True	True	-2	0	0	True	True	True
458	1	114.5	62	2	D	0	2.0	2	2	4	2	1	1/16	True	-1	35	60	33	33a	4	229/2	False	True					False	130		V43	d	VII		V43	V		43			Mm7	True	False	(2, -1, 1, 5)	()	1	2	minor	major	VII	VII, minor	V		VII	VII	False	V43	V43, major		V43, major		V	V7	5		2	0	0	3	4	A	E	C	C	dominant seventh chord	2	True	True	True	True	True	0	2	2	True	False	True
458	2	114.5	79	1	G	0	2.0	2	2	4	1	1	1/8	True	-1	35	60	33	33a	5	229/2	False	True					False	130		V43	d	VII		V43	V		43			Mm7	True	False	(2, -1, 1, 5)	()	1	2	minor	major	VII	VII, minor	V		VII	VII	False	V43	V43, major		V43, major		V	V7	5		2	0	0	3	4	A	E	C	C	dominant seventh chord	2	True	True	True	True	True	-1	1	1	True	True	False
459	1	114.75	64	4	E	0	2.25	0	2	4	2	1	1/16	True	-1	35	60	33	33a	4	459/4	False	False					False	130		V43	d	VII		V43	V		43			Mm7	True	False	(2, -1, 1, 5)	()	1	2	minor	major	VII	VII, minor	V		VII	VII	False	V43	V43, major		V43, major		V	V7	5		2	0	0	3	4	A	E	C	C	dominant seventh chord	2	True	True	True	True	True	2	4	4	False	False	False
460	1	115.0	60	0	C	0	2.5	0	2	4	2	1	1/16	True	-1	35	60	33	33a	4	115	False	False					False	130		V43	d	VII		V43	V		43			Mm7	True	False	(2, -1, 1, 5)	()	1	2	minor	major	VII	VII, minor	V		VII	VII	False	V43	V43, major		V43, major		V	V7	5		2	0	0	3	4	A	E	C	C	dominant seventh chord	2	True	True	True	True	True	-2	0	0	False	False	False
460	2	115.0	70	-2	B	-1	2.5	0	2	4	1	1	1/8	True	-1	35	60	33	33a	4	115	False	False					False	130		V43	d	VII		V43	V		43			Mm7	True	False	(2, -1, 1, 5)	()	1	2	minor	major	VII	VII, minor	V		VII	VII	False	V43	V43, major		V43, major		V	V7	5		2	0	0	3	4	A	E	C	C	dominant seventh chord	2	True	True	True	True	True	-4	-2	-2	False	False	False
461	1	115.25	62	2	D	0	2.75	0	2	4	2	1	1/16	True	-1	35	60	33	33a	4	461/4	False	False					False	130		V43	d	VII		V43	V		43			Mm7	True	False	(2, -1, 1, 5)	()	1	2	minor	major	VII	VII, minor	V		VII	VII	False	V43	V43, major		V43, major		V	V7	5		2	0	0	3	4	A	E	C	C	dominant seventh chord	2	True	True	True	True	True	0	2	2	True	False	True
462	2	115.5	64	4	E	0	1.0	1	2	4	2	1	1/8	True	-1	36	61	34	34a	4	231/2	False	True					False	131		I6	d	VII		I6	I		6			M	True	False	(4, 1, 0)	()	0	4	minor	major	VII	VII, minor	I		VII	VII	False	I6	I6, major		I6, major		I	I	1		2	0	0	2	6	D	F#	C	C	major triad	1	True	True	True	True	True	2	4	4	True	False	True
462	2	115.5	72	0	C	0	1.0	1	2	4	1	1	1/8	True	-1	36	61	34	34a	5	231/2	False	True					False	131		I6	d	VII		I6	I		6			M	True	False	(4, 1, 0)	()	0	4	minor	major	VII	VII, minor	I		VII	VII	False	I6	I6, major		I6, major		I	I	1		2	0	0	2	6	D	F#	C	C	major triad	1	True	True	True	True	True	-2	0	0	True	True	False
464	2	116.0	60	0	C	0	1.5	0	2	4	2	1	1/8	True	-1	36	61	34	34a	4	116	False	True					False	132		I	d	VII		I	I					M	True	False	(0, 4, 1)	()	0	0	minor	major	VII	VII, minor	I		VII	VII	False	I	I, major		I, major		I	I	1		2	0	0	2	2	D	D	C	C	major triad	0	True	True	True	True	True	-2	0	0	True	True	True
464	1	116.0	72	0	C	0	1.5	0	2	4	1	1	1/16	True	-1	36	61	34	34a	5	116	False	True					False	132		I	d	VII		I	I					M	True	False	(0, 4, 1)	()	0	0	minor	major	VII	VII, minor	I		VII	VII	False	I	I, major		I, major		I	I	1		2	0	0	2	2	D	D	C	C	major triad	0	True	True	True	True	True	-2	0	0	True	True	True
465	1	116.25	74	2	D	0	1.75	0	2	4	1	1	1/16	True	-1	36	61	34	34a	5	465/4	False	False					False	132		I	d	VII		I	I					M	True	False	(0, 4, 1)	()	0	0	minor	major	VII	VII, minor	I		VII	VII	False	I	I, major		I, major		I	I	1		2	0	0	2	2	D	D	C	C	major triad	0	True	True	True	True	True	0	2	2	False	False	False
466	2	116.5	60	0	C	0	2.0	2	2	4	2	1	1/8	True	-1	36	61	34	34a	4	233/2	False	False					False	132		I	d	VII		I	I					M	True	False	(0, 4, 1)	()	0	0	minor	major	VII	VII, minor	I		VII	VII	False	I	I, major		I, major		I	I	1		2	0	0	2	2	D	D	C	C	major triad	0	True	True	True	True	True	-2	0	0	True	True	True
466	1	116.5	76	4	E	0	2.0	2	2	4	1	1	1/16	True	-1	36	61	34	34a	5	233/2	False	False					False	132		I	d	VII		I	I					M	True	False	(0, 4, 1)	()	0	0	minor	major	VII	VII, minor	I		VII	VII	False	I	I, major		I, major		I	I	1		2	0	0	2	2	D	D	C	C	major triad	0	True	True	True	True	True	2	4	4	True	False	False
467	1	116.75	77	-1	F	0	2.25	0	2	4	1	1	1/16	True	-1	36	61	34	34a	5	467/4	False	False					False	132		I	d	VII		I	I					M	True	False	(0, 4, 1)	()	0	0	minor	major	VII	VII, minor	I		VII	VII	False	I	I, major		I, major		I	I	1		2	0	0	2	2	D	D	C	C	major triad	0	True	True	True	True	True	-3	-1	-1	False	False	False
468	2	117.0	55	1	G	0	2.5	0	2	4	2	1	1/8	True	-1	36	61	34	34a	3	117	False	False					False	132		I	d	VII		I	I					M	True	False	(0, 4, 1)	()	0	0	minor	major	VII	VII, minor	I		VII	VII	False	I	I, major		I, major		I	I	1		2	0	0	2	2	D	D	C	C	major triad	0	True	True	True	True	True	-1	1	1	True	False	False
468	1	117.0	74	2	D	0	2.5	0	2	4	1	1	1/16	True	-1	36	61	34	34a	5	117	False	False					False	132		I	d	VII		I	I					M	True	False	(0, 4, 1)	()	0	0	minor	major	VII	VII, minor	I		VII	VII	False	I	I, major		I, major		I	I	1		2	0	0	2	2	D	D	C	C	major triad	0	True	True	True	True	True	0	2	2	False	False	False
469	1	117.25	76	4	E	0	2.75	0	2	4	1	1	1/16	True	-1	36	61	34	34a	5	469/4	False	False					False	132		I	d	VII		I	I					M	True	False	(0, 4, 1)	()	0	0	minor	major	VII	VII, minor	I		VII	VII	False	I	I, major		I, major		I	I	1		2	0	0	2	2	D	D	C	C	major triad	0	True	True	True	True	True	2	4	4	True	False	False
470	2	117.5	57	3	A	0	1.0	1	2	4	2	1	1/8	True	-1	37	62	35	35a	3	235/2	False	True					False	133		IV6	d	VII		IV6	IV		6			M	True	False	(3, 0, -1)	()	-1	3	minor	major	VII	VII, minor	IV		VII	VII	False	IV6	IV6, major		IV6, major		IV	IV	4		2	0	0	1	5	G	B	C	C	major triad	1	True	True	True	True	True	1	3	3	True	False	True
470	1	117.5	77	-1	F	0	1.0	1	2	4	1	1	1/16	True	-1	37	62	35	35a	5	235/2	False	True					False	133		IV6	d	VII		IV6	IV		6			M	True	False	(3, 0, -1)	()	-1	3	minor	major	VII	VII, minor	IV		VII	VII	False	IV6	IV6, major		IV6, major		IV	IV	4		2	0	0	1	5	G	B	C	C	major triad	1	True	True	True	True	True	-3	-1	-1	True	True	False
471	1	117.75	79	1	G	0	1.25	0	2	4	1	1	1/16	True	-1	37	62	35	35a	5	471/4	False	False					False	133		IV6	d	VII		IV6	IV		6			M	True	False	(3, 0, -1)	()	-1	3	minor	major	VII	VII, minor	IV		VII	VII	False	IV6	IV6, major		IV6, major		IV	IV	4		2	0	0	1	5	G	B	C	C	major triad	1	True	True	True	True	True	-1	1	1	False	False	False
472	2	118.0	60	0	C	0	1.5	0	2	4	2	1	1/8	True	-1	37	62	35	35a	4	118	False	True					False	134		I	d	VII		I	I					M	True	False	(0, 4, 1)	()	0	0	minor	major	VII	VII, minor	I		VII	VII	False	I	I, major		I, major		I	I	1		2	0	0	2	2	D	D	C	C	major triad	0	True	True	True	True	True	-2	0	0	True	True	True
472	1	118.0	76	4	E	0	1.5	0	2	4	1	1	1/16	True	-1	37	62	35	35a	5	118	False	True					False	134		I	d	VII		I	I					M	True	False	(0, 4, 1)	()	0	0	minor	major	VII	VII, minor	I		VII	VII	False	I	I, major		I, major		I	I	1		2	0	0	2	2	D	D	C	C	major triad	0	True	True	True	True	True	2	4	4	True	False	False
473	1	118.25	77	-1	F	0	1.75	0	2	4	1	1	1/16	True	-1	37	62	35	35a	5	473/4	False	False					False	134		I	d	VII		I	I					M	True	False	(0, 4, 1)	()	0	0	minor	major	VII	VII, minor	I		VII	VII	False	I	I, major		I, major		I	I	1		2	0	0	2	2	D	D	C	C	major triad	0	True	True	True	True	True	-3	-1	-1	False	False	False
474	2	118.5	60	0	C	0	2.0	2	2	4	2	1	1/8	True	-1	37	62	35	35a	4	237/2	False	False					False	134		I	d	VII		I	I					M	True	False	(0, 4, 1)	()	0	0	minor	major	VII	VII, minor	I		VII	VII	False	I	I, major		I, major		I	I	1		2	0	0	2	2	D	D	C	C	major triad	0	True	True	True	True	True	-2	0	0	True	True	True
474	1	118.5	79	1	G	0	2.0	2	2	4	1	1	1/16	True	-1	37	62	35	35a	5	237/2	False	False					False	134		I	d	VII		I	I					M	True	False	(0, 4, 1)	()	0	0	minor	major	VII	VII, minor	I		VII	VII	False	I	I, major		I, major		I	I	1		2	0	0	2	2	D	D	C	C	major triad	0	True	True	True	True	True	-1	1	1	True	False	False
475	1	118.75	81	3	A	0	2.25	0	2	4	1	1	1/16	True	-1	37	62	35	35a	5	475/4	False	False					False	134		I	d	VII		I	I					M	True	False	(0, 4, 1)	()	0	0	minor	major	VII	VII, minor	I		VII	VII	False	I	I, major		I, major		I	I	1		2	0	0	2	2	D	D	C	C	major triad	0	True	True	True	True	True	1	3	3	False	False	False
476	2	119.0	52	4	E	0	2.5	0	2	4	2	1	1/8	True	-1	37	62	35	35a	3	119	False	True					False	135		V65/IV	d	VII		V65/IV	V		65		IV	Mm7	True	False	(4, 1, -2, 0)	()	0	4	minor	major	VII	VII, minor	V/IV	IV	IV/VII	III	False	V65/IV	V65/IV, major		V65/IV, major	IV	IV	V7	5	4	2	0	-1	2	6	D	F#	C	F	dominant seventh chord	1	True	True	True	True	True	2	4	5	True	False	True
476	1	119.0	77	-1	F	0	2.5	0	2	4	1	1	1/16	True	-1	37	62	35	35a	5	119	False	True					False	135		V65/IV	d	VII		V65/IV	V		65		IV	Mm7	True	False	(4, 1, -2, 0)	()	0	4	minor	major	VII	VII, minor	V/IV	IV	IV/VII	III	False	V65/IV	V65/IV, major		V65/IV, major	IV	IV	V7	5	4	2	0	-1	2	6	D	F#	C	F	dominant seventh chord	1	True	True	True	True	True	-3	-1	0	False	False	False
477	1	119.25	79	1	G	0	2.75	0	2	4	1	1	1/16	True	-1	37	62	35	35a	5	477/4	False	False					False	135		V65/IV	d	VII		V65/IV	V		65		IV	Mm7	True	False	(4, 1, -2, 0)	()	0	4	minor	major	VII	VII, minor	V/IV	IV	IV/VII	III	False	V65/IV	V65/IV, major		V65/IV, major	IV	IV	V7	5	4	2	0	-1	2	6	D	F#	C	F	dominant seventh chord	1	True	True	True	True	True	-1	1	2	True	False	False
478	2	119.5	53	-1	F	0	1.0	1	2	4	2	1	1/8	True	-1	38	63	36	36a	3	239/2	False	True					False	136		IV	d	VII		IV	IV					M	True	False	(-1, 3, 0)	()	-1	-1	minor	major	VII	VII, minor	IV		VII	VII	False	IV	IV, major		IV, major		IV	IV	4		2	0	0	1	1	G	G	C	C	major triad	0	True	True	True	True	True	-3	-1	-1	True	True	True
478	1	119.5	81	3	A	0	1.0	1	2	4	1	1	1/16	True	-1	38	63	36	36a	5	239/2	False	True					False	136		IV	d	VII		IV	IV					M	True	False	(-1, 3, 0)	()	-1	-1	minor	major	VII	VII, minor	IV		VII	VII	False	IV	IV, major		IV, major		IV	IV	4		2	0	0	1	1	G	G	C	C	major triad	0	True	True	True	True	True	1	3	3	True	False	False
479	1	119.75	82	-2	B	-1	1.25	0	2	4	1	1	1/16	True	-1	38	63	36	36a	5	479/4	False	False					False	136		IV	d	VII		IV	IV					M	True	False	(-1, 3, 0)	()	-1	-1	minor	major	VII	VII, minor	IV		VII	VII	False	IV	IV, major		IV, major		IV	IV	4		2	0	0	1	1	G	G	C	C	major triad	0	True	True	True	True	True	-4	-2	-2	False	False	False
480	2	120.0	55	1	G	0	1.5	0	2	4	2	1	1/8	True	-1	38	63	36	36a	3	120	False	False					False	136		IV	d	VII		IV	IV					M	True	False	(-1, 3, 0)	()	-1	-1	minor	major	VII	VII, minor	IV		VII	VII	False	IV	IV, major		IV, major		IV	IV	4		2	0	0	1	1	G	G	C	C	major triad	0	True	True	True	True	True	-1	1	1	False	False	False
480	1	120.0	81	3	A	0	1.5	0	2	4	1	1	1/16	True	-1	38	63	36	36a	5	120	False	False					False	136		IV	d	VII		IV	IV					M	True	False	(-1, 3, 0)	()	-1	-1	minor	major	VII	VII, minor	IV		VII	VII	False	IV	IV, major		IV, major		IV	IV	4		2	0	0	1	1	G	G	C	C	major triad	0	True	True	True	True	True	1	3	3	True	False	False
481	1	120.25	79	1	G	0	1.75	0	2	4	1	1	1/16	True	-1	38	63	36	36a	5	481/4	False	False					False	136		IV	d	VII		IV	IV					M	True	False	(-1, 3, 0)	()	-1	-1	minor	major	VII	VII, minor	IV		VII	VII	False	IV	IV, major		IV, major		IV	IV	4		2	0	0	1	1	G	G	C	C	major triad	0	True	True	True	True	True	-1	1	1	False	False	False
482	2	120.5	57	3	A	0	2.0	2	2	4	2	1	1/8	True	-1	38	63	36	36a	3	241/2	False	True					False	137		ii43	d	VII		ii43	ii		43			mm7	True	False	(3, 0, 2, -1)	()	2	3	minor	major	VII	VII, minor	ii		VII	VII	False	ii43	ii43, major		ii43, major		ii	ii7	2		2	0	0	4	5	E	B	C	C		2	True	True	True	True	True	1	3	3	True	False	True
482	1	120.5	77	-1	F	0	2.0	2	2	4	1	1	1/16	True	-1	38	63	36	36a	5	241/2	False	True					False	137		ii43	d	VII		ii43	ii		43			mm7	True	False	(3, 0, 2, -1)	()	2	3	minor	major	VII	VII, minor	ii		VII	VII	False	ii43	ii43, major		ii43, major		ii	ii7	2		2	0	0	4	5	E	B	C	C		2	True	True	True	True	True	-3	-1	-1	True	False	False
483	1	120.75	76	4	E	0	2.25	0	2	4	1	1	1/16	True	-1	38	63	36	36a	5	483/4	False	False					False	137		ii43	d	VII		ii43	ii		43			mm7	True	False	(3, 0, 2, -1)	()	2	3	minor	major	VII	VII, minor	ii		VII	VII	False	ii43	ii43, major		ii43, major		ii	ii7	2		2	0	0	4	5	E	B	C	C		2	True	True	True	True	True	2	4	4	False	False	False
484	2	121.0	45	3	A	0	2.5	0	2	4	2	1	1/8	True	-1	38	63	36	36a	2	121	False	False					False	137		ii43	d	VII		ii43	ii		43			mm7	True	False	(3, 0, 2, -1)	()	2	3	minor	major	VII	VII, minor	ii		VII	VII	False	ii43	ii43, major		ii43, major		ii	ii7	2		2	0	0	4	5	E	B	C	C		2	True	True	True	True	True	1	3	3	True	False	True
484	1	121.0	74	2	D	0	2.5	0	2	4	1	1	1/16	True	-1	38	63	36	36a	5	121	False	False					False	137		ii43	d	VII		ii43	ii		43			mm7	True	False	(3, 0, 2, -1)	()	2	3	minor	major	VII	VII, minor	ii		VII	VII	False	ii43	ii43, major		ii43, major		ii	ii7	2		2	0	0	4	5	E	B	C	C		2	True	True	True	True	True	0	2	2	True	True	False
485	1	121.25	72	0	C	0	2.75	0	2	4	1	1	1/16	True	-1	38	63	36	36a	5	485/4	False	False					False	137		ii43	d	VII		ii43	ii		43			mm7	True	False	(3, 0, 2, -1)	()	2	3	minor	major	VII	VII, minor	ii		VII	VII	False	ii43	ii43, major		ii43, major		ii	ii7	2		2	0	0	4	5	E	B	C	C		2	True	True	True	True	True	-2	0	0	True	False	False
486	2	121.5	52	4	E	0	1.0	1	2	4	2	1	1/8	True	-1	39	64	37	37a	3	243/2	False	True					False	138		I6	d	VII		I6	I		6			M	True	False	(4, 1, 0)	()	0	4	minor	major	VII	VII, minor	I		VII	VII	False	I6	I6, major		I6, major		I	I	1		2	0	0	2	6	D	F#	C	C	major triad	1	True	True	True	True	True	2	4	4	True	False	True
486	2	121.5	79	1	G	0	1.0	1	2	4	1	1	1/8	True	-1	39	64	37	37a	5	243/2	False	True					False	138		I6	d	VII		I6	I		6			M	True	False	(4, 1, 0)	()	0	4	minor	major	VII	VII, minor	I		VII	VII	False	I6	I6, major		I6, major		I	I	1		2	0	0	2	6	D	F#	C	C	major triad	1	True	True	True	True	True	-1	1	1	True	False	False
488	2	122.0	53	-1	F	0	1.5	0	2	4	2	1	1/8	True	-1	39	64	37	37a	3	122	False	True					False	139		ii65	d	VII		ii65	ii		65			mm7	True	False	(-1, 3, 0, 2)	()	2	-1	minor	major	VII	VII, minor	ii		VII	VII	False	ii65	ii65, major		ii65, major		ii	ii7	2		2	0	0	4	1	E	G	C	C		1	True	True	True	True	True	-3	-1	-1	True	False	True
488	1	122.0	77	-1	F	0	1.5	0	2	4	1	1	1/16	True	-1	39	64	37	37a	5	122	False	True					False	139		ii65	d	VII		ii65	ii		65			mm7	True	False	(-1, 3, 0, 2)	()	2	-1	minor	major	VII	VII, minor	ii		VII	VII	False	ii65	ii65, major		ii65, major		ii	ii7	2		2	0	0	4	1	E	G	C	C		1	True	True	True	True	True	-3	-1	-1	True	False	True
489	1	122.25	76	4	E	0	1.75	0	2	4	1	1	1/16	True	-1	39	64	37	37a	5	489/4	False	False					False	139		ii65	d	VII		ii65	ii		65			mm7	True	False	(-1, 3, 0, 2)	()	2	-1	minor	major	VII	VII, minor	ii		VII	VII	False	ii65	ii65, major		ii65, major		ii	ii7	2		2	0	0	4	1	E	G	C	C		1	True	True	True	True	True	2	4	4	False	False	False
490	2	122.5	55	1	G	0	2.0	2	2	4	2	1	1/8	True	-1	39	64	37	37a	3	245/2	False	True					False	140		V	d	VII		V	V					M	True	False	(1, 5, 2)	()	1	1	minor	major	VII	VII, minor	V		VII	VII	False	V	V, major		V, major		V	V	5		2	0	0	3	3	A	A	C	C	major triad	0	True	True	True	True	True	-1	1	1	True	True	True
490	3	122.5	74	2	D	0	2.0	2	2	4	1	1	3/16	True	-1	39	64	37	37a	5	245/2	False	True					False	140		V	d	VII		V	V					M	True	False	(1, 5, 2)	()	1	1	minor	major	VII	VII, minor	V		VII	VII	False	V	V, major		V, major		V	V	5		2	0	0	3	3	A	A	C	C	major triad	0	True	True	True	True	True	0	2	2	True	False	False
492	2	123.0	43	1	G	0	2.5	0	2	4	2	1	1/8	True	-1	39	64	37	37a	2	123	False	False					False	140		V	d	VII		V	V					M	True	False	(1, 5, 2)	()	1	1	minor	major	VII	VII, minor	V		VII	VII	False	V	V, major		V, major		V	V	5		2	0	0	3	3	A	A	C	C	major triad	0	True	True	True	True	True	-1	1	1	True	True	True
493	1	123.25	72	0	C	0	2.75	0	2	4	1	1	1/16	True	-1	39	64	37	37a	5	493/4	False	True					False	141		V7	d	VII		V7	V		7			Mm7	True	False	(1, 5, 2, -1)	()	1	1	minor	major	VII	VII, minor	V		VII	VII	False	V7	V7, major		V7, major		V	V7	5		2	0	0	3	3	A	A	C	C	dominant seventh chord	7	True	True	True	True	True	-2	0	0	False	False	False
494	2	123.5	48	0	C	0	1.0	1	2	4	2	1	1/8	True	-1	40	65	38	38a	3	247/2	False	True	PAC	PAC		}	True	142		I|PAC}	d	VII		I	I					M	True	False	(0, 4, 1)	()	0	0	minor	major	VII	VII, minor	I		VII	VII	False	I	I, major		I, major		I	I	1		2	0	0	2	2	D	D	C	C	major triad	0	True	True	True	True	True	-2	0	0	True	True	True
494	2	123.5	64	4	E	0	1.0	1	2	4	1	1	1/8	True	-1	40	65	38	38a	4	247/2	False	True	PAC	PAC		}	True	142		I|PAC}	d	VII		I	I					M	True	False	(0, 4, 1)	()	0	0	minor	major	VII	VII, minor	I		VII	VII	False	I	I, major		I, major		I	I	1		2	0	0	2	2	D	D	C	C	major triad	0	True	True	True	True	True	2	4	4	True	False	False
494	2	123.5	67	1	G	0	1.0	1	2	4	1	1	1/8	True	-1	40	65	38	38a	4	247/2	False	True	PAC	PAC		}	True	142		I|PAC}	d	VII		I	I					M	True	False	(0, 4, 1)	()	0	0	minor	major	VII	VII, minor	I		VII	VII	False	I	I, major		I, major		I	I	1		2	0	0	2	2	D	D	C	C	major triad	0	True	True	True	True	True	-1	1	1	True	False	False
494	2	123.5	72	0	C	0	1.0	1	2	4	1	1	1/8	True	-1	40	65	38	38a	5	247/2	False	True	PAC	PAC		}	True	142		I|PAC}	d	VII		I	I					M	True	False	(0, 4, 1)	()	0	0	minor	major	VII	VII, minor	I		VII	VII	False	I	I, major		I, major		I	I	1		2	0	0	2	2	D	D	C	C	major triad	0	True	True	True	True	True	-2	0	0	True	True	True
496	1	124.0	60	0	C	0	1.5	0	2	4	2	1	1/16	True	-1	40	65	38	38a	4	124	False	True				{	False	143		i.VII{	d	i		VII	VII					M	True	True	(-2, 2, -1)	()	-2	-2	minor	minor	i	i, minor	VII		i	i	True	VII	VII, minor		VII, minor		VII	VII	7		2	2	2	0	0	C	C	D	D	major triad	0	True	True	True	True	True	-2	-2	-2	True	True	True
496	2	124.0	84	0	C	0	1.5	0	2	4	1	1	1/8	True	-1	40	65	38	38a	6	124	False	True				{	False	143		i.VII{	d	i		VII	VII					M	True	True	(-2, 2, -1)	()	-2	-2	minor	minor	i	i, minor	VII		i	i	True	VII	VII, minor		VII, minor		VII	VII	7		2	2	2	0	0	C	C	D	D	major triad	0	True	True	True	True	True	-2	-2	-2	True	True	True
497	1	124.25	62	2	D	0	1.75	0	2	4	2	1	1/16	True	-1	40	65	38	38a	4	497/4	False	False					False	143		i.VII{	d	i		VII	VII					M	True	True	(-2, 2, -1)	()	-2	-2	minor	minor	i	i, minor	VII		i	i	True	VII	VII, minor		VII, minor		VII	VII	7		2	2	2	0	0	C	C	D	D	major triad	0	True	True	True	True	True	0	0	0	False	False	False
498	1	124.5	64	4	E	0	2.0	2	2	4	2	1	1/16	True	-1	40	65	38	38a	4	249/2	False	True					False	144		V65/III	d	i		V65/III	V		65		III	Mm7	True	True	(2, -1, -4, -2)	()	-2	2	minor	minor	i	i, minor	V/III	III	III/i	III	False	V65/III	V65/III, minor		V65/III, minor	III	III	V7	5	3	2	2	-1	0	4	C	E	D	F	dominant seventh chord	1	True	True	True	True	True	2	2	5	True	False	True
498	2	124.5	84	0	C	0	2.0	2	2	4	1	1	1/8	True	-1	40	65	38	38a	6	249/2	False	True					False	144		V65/III	d	i		V65/III	V		65		III	Mm7	True	True	(2, -1, -4, -2)	()	-2	2	minor	minor	i	i, minor	V/III	III	III/i	III	False	V65/III	V65/III, minor		V65/III, minor	III	III	V7	5	3	2	2	-1	0	4	C	E	D	F	dominant seventh chord	1	True	True	True	True	True	-2	-2	1	True	True	False
499	1	124.75	65	-1	F	0	2.25	0	2	4	2	1	1/16	True	-1	40	65	38	38a	4	499/4	False	False					False	144		V65/III	d	i		V65/III	V		65		III	Mm7	True	True	(2, -1, -4, -2)	()	-2	2	minor	minor	i	i, minor	V/III	III	III/i	III	False	V65/III	V65/III, minor		V65/III, minor	III	III	V7	5	3	2	2	-1	0	4	C	E	D	F	dominant seventh chord	1	True	True	True	True	True	-3	-3	0	False	False	False
500	1	125.0	62	2	D	0	2.5	0	2	4	2	1	1/16	True	-1	40	65	38	38a	4	125	False	False					False	144		V65/III	d	i		V65/III	V		65		III	Mm7	True	True	(2, -1, -4, -2)	()	-2	2	minor	minor	i	i, minor	V/III	III	III/i	III	False	V65/III	V65/III, minor		V65/III, minor	III	III	V7	5	3	2	2	-1	0	4	C	E	D	F	dominant seventh chord	1	True	True	True	True	True	0	0	3	False	False	False
500	2	125.0	79	1	G	0	2.5	0	2	4	1	1	1/8	True	-1	40	65	38	38a	5	125	False	False					False	144		V65/III	d	i		V65/III	V		65		III	Mm7	True	True	(2, -1, -4, -2)	()	-2	2	minor	minor	i	i, minor	V/III	III	III/i	III	False	V65/III	V65/III, minor		V65/III, minor	III	III	V7	5	3	2	2	-1	0	4	C	E	D	F	dominant seventh chord	1	True	True	True	True	True	-1	-1	2	True	False	False
501	1	125.25	64	4	E	0	2.75	0	2	4	2	1	1/16	True	-1	40	65	38	38a	4	501/4	False	False					False	144		V65/III	d	i		V65/III	V		65		III	Mm7	True	True	(2, -1, -4, -2)	()	-2	2	minor	minor	i	i, minor	V/III	III	III/i	III	False	V65/III	V65/III, minor		V65/III, minor	III	III	V7	5	3	2	2	-1	0	4	C	E	D	F	dominant seventh chord	1	True	True	True	True	True	2	2	5	True	False	True
502	2	125.5	65	-1	F	0	1.0	1	2	4	2	1	1/8	True	-1	41	66	39	39a	4	251/2	False	True					False	145		III	d	i		III	III					M	True	True	(-3, 1, -2)	()	-3	-3	minor	minor	i	i, minor	III		i	i	True	III	III, minor		III, minor		III	III	3		2	2	2	-1	-1	F	F	D	D	major triad	0	True	True	True	True	True	-3	-3	-3	True	True	True
502	2	125.5	81	3	A	0	1.0	1	2	4	1	1	1/8	True	-1	41	66	39	39a	5	251/2	False	True					False	145		III	d	i		III	III					M	True	True	(-3, 1, -2)	()	-3	-3	minor	minor	i	i, minor	III		i	i	True	III	III, minor		III, minor		III	III	3		2	2	2	-1	-1	F	F	D	D	major triad	0	True	True	True	True	True	1	1	1	True	False	False
504	1	126.0	53	-1	F	0	1.5	0	2	4	2	1	1/16	True	-1	41	66	39	39a	3	126	False	False					False	145		III	d	i		III	III					M	True	True	(-3, 1, -2)	()	-3	-3	minor	minor	i	i, minor	III		i	i	True	III	III, minor		III, minor		III	III	3		2	2	2	-1	-1	F	F	D	D	major triad	0	True	True	True	True	True	-3	-3	-3	True	True	True
504	2	126.0	77	-1	F	0	1.5	0	2	4	1	1	1/8	True	-1	41	66	39	39a	5	126	False	False					False	145		III	d	i		III	III					M	True	True	(-3, 1, -2)	()	-3	-3	minor	minor	i	i, minor	III		i	i	True	III	III, minor		III, minor		III	III	3		2	2	2	-1	-1	F	F	D	D	major triad	0	True	True	True	True	True	-3	-3	-3	True	True	True
505	1	126.25	55	1	G	0	1.75	0	2	4	2	1	1/16	True	-1	41	66	39	39a	3	505/4	False	False					False	145		III	d	i		III	III					M	True	True	(-3, 1, -2)	()	-3	-3	minor	minor	i	i, minor	III		i	i	True	III	III, minor		III, minor		III	III	3		2	2	2	-1	-1	F	F	D	D	major triad	0	True	True	True	True	True	-1	-1	-1	False	False	False
506	1	126.5	57	3	A	0	2.0	2	2	4	2	1	1/16	True	-1	41	66	39	39a	3	253/2	False	True					False	146		III+6	d	i		III+6	III	+	6			+	True	True	(1, 5, -3)	()	-3	1	minor	minor	i	i, minor	III		i	i	True	III+6	III+6, minor		III+6, minor		III	III+	3		2	2	2	-1	3	F	A	D	D	augmented triad	1	True	True	True	True	True	1	1	1	True	False	True
506	2	126.5	77	-1	F	0	2.0	2	2	4	1	1	1/8	True	-1	41	66	39	39a	5	253/2	False	True					False	146		III+6	d	i		III+6	III	+	6			+	True	True	(1, 5, -3)	()	-3	1	minor	minor	i	i, minor	III		i	i	True	III+6	III+6, minor		III+6, minor		III	III+	3		2	2	2	-1	3	F	A	D	D	augmented triad	1	True	True	True	True	True	-3	-3	-3	True	True	False
507	1	126.75	58	-2	B	-1	2.25	0	2	4	2	1	1/16	True	-1	41	66	39	39a	3	507/4	False	False					False	146		III+6	d	i		III+6	III	+	6			+	True	True	(1, 5, -3)	()	-3	1	minor	minor	i	i, minor	III		i	i	True	III+6	III+6, minor		III+6, minor		III	III+	3		2	2	2	-1	3	F	A	D	D	augmented triad	1	True	True	True	True	True	-4	-4	-4	False	False	False
508	1	127.0	55	1	G	0	2.5	0	2	4	2	1	1/16	True	-1	41	66	39	39a	3	127	False	False					False	146		III+6	d	i		III+6	III	+	6			+	True	True	(1, 5, -3)	()	-3	1	minor	minor	i	i, minor	III		i	i	True	III+6	III+6, minor		III+6, minor		III	III+	3		2	2	2	-1	3	F	A	D	D	augmented triad	1	True	True	True	True	True	-1	-1	-1	False	False	False
508	2	127.0	73	7	C	1	2.5	0	2	4	1	1	1/8	True	-1	41	66	39	39a	5	127	False	False					False	146		III+6	d	i		III+6	III	+	6			+	True	True	(1, 5, -3)	()	-3	1	minor	minor	i	i, minor	III		i	i	True	III+6	III+6, minor		III+6, minor		III	III+	3		2	2	2	-1	3	F	A	D	D	augmented triad	1	True	True	True	True	True	5	5	5	True	False	False
509	1	127.25	57	3	A	0	2.75	0	2	4	2	1	1/16	True	-1	41	66	39	39a	3	509/4	False	False					False	146		III+6	d	i		III+6	III	+	6			+	True	True	(1, 5, -3)	()	-3	1	minor	minor	i	i, minor	III		i	i	True	III+6	III+6, minor		III+6, minor		III	III+	3		2	2	2	-1	3	F	A	D	D	augmented triad	1	True	True	True	True	True	1	1	1	True	False	True
510	2	127.5	58	-2	B	-1	1.0	1	2	4	2	1	1/8	True	-1	42	67	40	40a	3	255/2	False	True					False	147		VI	d	i		VI	VI					M	True	True	(-4, 0, -3)	()	-4	-4	minor	minor	i	i, minor	VI		i	i	True	VI	VI, minor		VI, minor		VI	VI	6		2	2	2	-2	-2	Bb	Bb	D	D	major triad	0	True	True	True	True	True	-4	-4	-4	True	True	True
510	2	127.5	74	2	D	0	1.0	1	2	4	1	1	1/8	True	-1	42	67	40	40a	5	255/2	False	True					False	147		VI	d	i		VI	VI					M	True	True	(-4, 0, -3)	()	-4	-4	minor	minor	i	i, minor	VI		i	i	True	VI	VI, minor		VI, minor		VI	VI	6		2	2	2	-2	-2	Bb	Bb	D	D	major triad	0	True	True	True	True	True	0	0	0	True	False	False
512	1	128.0	58	-2	B	-1	1.5	0	2	4	2	1	1/16	True	-1	42	67	40	40a	3	128	False	False					False	147		VI	d	i		VI	VI					M	True	True	(-4, 0, -3)	()	-4	-4	minor	minor	i	i, minor	VI		i	i	True	VI	VI, minor		VI, minor		VI	VI	6		2	2	2	-2	-2	Bb	Bb	D	D	major triad	0	True	True	True	True	True	-4	-4	-4	True	True	True
512	2	128.0	82	-2	B	-1	1.5	0	2	4	1	1	1/8	True	-1	42	67	40	40a	5	128	False	False					False	147		VI	d	i		VI	VI					M	True	True	(-4, 0, -3)	()	-4	-4	minor	minor	i	i, minor	VI		i	i	True	VI	VI, minor		VI, minor		VI	VI	6		2	2	2	-2	-2	Bb	Bb	D	D	major triad	0	True	True	True	True	True	-4	-4	-4	True	True	True
513	1	128.25	60	0	C	0	1.75	0	2	4	2	1	1/16	True	-1	42	67	40	40a	4	513/4	False	False					False	147		VI	d	i		VI	VI					M	True	True	(-4, 0, -3)	()	-4	-4	minor	minor	i	i, minor	VI		i	i	True	VI	VI, minor		VI, minor		VI	VI	6		2	2	2	-2	-2	Bb	Bb	D	D	major triad	0	True	True	True	True	True	-2	-2	-2	False	False	False
514	1	128.5	62	2	D	0	2.0	2	2	4	2	1	1/16	True	-1	42	67	40	40a	4	257/2	False	True					False	148		VI6	d	i		VI6	VI		6			M	True	True	(0, -3, -4)	()	-4	0	minor	minor	i	i, minor	VI		i	i	True	VI6	VI6, minor		VI6, minor		VI	VI	6		2	2	2	-2	2	Bb	D	D	D	major triad	1	True	True	True	True	True	0	0	0	True	False	True
514	2	128.5	82	-2	B	-1	2.0	2	2	4	1	1	1/8	True	-1	42	67	40	40a	5	257/2	False	True					False	148		VI6	d	i		VI6	VI		6			M	True	True	(0, -3, -4)	()	-4	0	minor	minor	i	i, minor	VI		i	i	True	VI6	VI6, minor		VI6, minor		VI	VI	6		2	2	2	-2	2	Bb	D	D	D	major triad	1	True	True	True	True	True	-4	-4	-4	True	True	False
515	1	128.75	64	4	E	0	2.25	0	2	4	2	1	1/16	True	-1	42	67	40	40a	4	515/4	False	False					False	148		VI6	d	i		VI6	VI		6			M	True	True	(0, -3, -4)	()	-4	0	minor	minor	i	i, minor	VI		i	i	True	VI6	VI6, minor		VI6, minor		VI	VI	6		2	2	2	-2	2	Bb	D	D	D	major triad	1	True	True	True	True	True	2	2	2	False	False	False
516	1	129.0	60	0	C	0	2.5	0	2	4	2	1	1/16	True	-1	42	67	40	40a	4	129	False	False					False	148		VI6	d	i		VI6	VI		6			M	True	True	(0, -3, -4)	()	-4	0	minor	minor	i	i, minor	VI		i	i	True	VI6	VI6, minor		VI6, minor		VI	VI	6		2	2	2	-2	2	Bb	D	D	D	major triad	1	True	True	True	True	True	-2	-2	-2	False	False	False
516	2	129.0	77	-1	F	0	2.5	0	2	4	1	1	1/8	True	-1	42	67	40	40a	5	129	False	False					False	148		VI6	d	i		VI6	VI		6			M	True	True	(0, -3, -4)	()	-4	0	minor	minor	i	i, minor	VI		i	i	True	VI6	VI6, minor		VI6, minor		VI	VI	6		2	2	2	-2	2	Bb	D	D	D	major triad	1	True	True	True	True	True	-3	-3	-3	True	False	False
517	1	129.25	62	2	D	0	2.75	0	2	4	2	1	1/16	True	-1	42	67	40	40a	4	517/4	False	False					False	148		VI6	d	i		VI6	VI		6			M	True	True	(0, -3, -4)	()	-4	0	minor	minor	i	i, minor	VI		i	i	True	VI6	VI6, minor		VI6, minor		VI	VI	6		2	2	2	-2	2	Bb	D	D	D	major triad	1	True	True	True	True	True	0	0	0	True	False	True
518	2	129.5	64	4	E	0	1.0	1	2	4	2	1	1/8	True	-1	43	68	41	41a	4	259/2	False	True					False	149		iio	d	i		iio	ii	o				o	True	True	(2, -1, -4)	()	2	2	minor	minor	i	i, minor	ii		i	i	True	iio	iio, minor		iio, minor		ii	iio	2		2	2	2	4	4	E	E	D	D	diminished triad	0	True	True	True	True	True	2	2	2	True	True	True
518	2	129.5	79	1	G	0	1.0	1	2	4	1	1	1/8	True	-1	43	68	41	41a	5	259/2	False	True					False	149		iio	d	i		iio	ii	o				o	True	True	(2, -1, -4)	()	2	2	minor	minor	i	i, minor	ii		i	i	True	iio	iio, minor		iio, minor		ii	iio	2		2	2	2	4	4	E	E	D	D	diminished triad	0	True	True	True	True	True	-1	-1	-1	True	False	False
520	1	130.0	52	4	E	0	1.5	0	2	4	2	1	1/16	True	-1	43	68	41	41a	3	130	False	False					False	149		iio	d	i		iio	ii	o				o	True	True	(2, -1, -4)	()	2	2	minor	minor	i	i, minor	ii		i	i	True	iio	iio, minor		iio, minor		ii	iio	2		2	2	2	4	4	E	E	D	D	diminished triad	0	True	True	True	True	True	2	2	2	True	True	True
520	2	130.0	76	4	E	0	1.5	0	2	4	1	1	1/8	True	-1	43	68	41	41a	5	130	False	False					False	149		iio	d	i		iio	ii	o				o	True	True	(2, -1, -4)	()	2	2	minor	minor	i	i, minor	ii		i	i	True	iio	iio, minor		iio, minor		ii	iio	2		2	2	2	4	4	E	E	D	D	diminished triad	0	True	True	True	True	True	2	2	2	True	True	True
521	1	130.25	53	-1	F	0	1.75	0	2	4	2	1	1/16	True	-1	43	68	41	41a	3	521/4	False	False					False	149		iio	d	i		iio	ii	o				o	True	True	(2, -1, -4)	()	2	2	minor	minor	i	i, minor	ii		i	i	True	iio	iio, minor		iio, minor		ii	iio	2		2	2	2	4	4	E	E	D	D	diminished triad	0	True	True	True	True	True	-3	-3	-3	False	False	False
522	1	130.5	55	1	G	0	2.0	2	2	4	2	1	1/16	True	-1	43	68	41	41a	3	261/2	False	True					False	150		ii6	d	i		ii6	ii		6			m	True	True	(-1, 3, 2)	()	2	-1	minor	minor	i	i, minor	ii		i	i	True	ii6	ii6, minor		ii6, minor		ii	ii	2		2	2	2	4	1	E	G	D	D	minor triad	1	True	True	True	True	True	-1	-1	-1	True	False	True
522	2	130.5	76	4	E	0	2.0	2	2	4	1	1	1/8	True	-1	43	68	41	41a	5	261/2	False	True					False	150		ii6	d	i		ii6	ii		6			m	True	True	(-1, 3, 2)	()	2	-1	minor	minor	i	i, minor	ii		i	i	True	ii6	ii6, minor		ii6, minor		ii	ii	2		2	2	2	4	1	E	G	D	D	minor triad	1	True	True	True	True	True	2	2	2	True	True	False
523	1	130.75	57	3	A	0	2.25	0	2	4	2	1	1/16	True	-1	43	68	41	41a	3	523/4	False	False					False	150		ii6	d	i		ii6	ii		6			m	True	True	(-1, 3, 2)	()	2	-1	minor	minor	i	i, minor	ii		i	i	True	ii6	ii6, minor		ii6, minor		ii	ii	2		2	2	2	4	1	E	G	D	D	minor triad	1	True	True	True	True	True	1	1	1	False	False	False
524	1	131.0	53	-1	F	0	2.5	0	2	4	2	1	1/16	True	-1	43	68	41	41a	3	131	False	False					False	150		ii6	d	i		ii6	ii		6			m	True	True	(-1, 3, 2)	()	2	-1	minor	minor	i	i, minor	ii		i	i	True	ii6	ii6, minor		ii6, minor		ii	ii	2		2	2	2	4	1	E	G	D	D	minor triad	1	True	True	True	True	True	-3	-3	-3	False	False	False
524	2	131.0	71	5	B	0	2.5	0	2	4	1	1	1/8	True	-1	43	68	41	41a	4	131	False	False					False	150		ii6	d	i		ii6	ii		6			m	True	True	(-1, 3, 2)	()	2	-1	minor	minor	i	i, minor	ii		i	i	True	ii6	ii6, minor		ii6, minor		ii	ii	2		2	2	2	4	1	E	G	D	D	minor triad	1	True	True	True	True	True	3	3	3	True	False	False
525	1	131.25	55	1	G	0	2.75	0	2	4	2	1	1/16	True	-1	43	68	41	41a	3	525/4	False	False					False	150		ii6	d	i		ii6	ii		6			m	True	True	(-1, 3, 2)	()	2	-1	minor	minor	i	i, minor	ii		i	i	True	ii6	ii6, minor		ii6, minor		ii	ii	2		2	2	2	4	1	E	G	D	D	minor triad	1	True	True	True	True	True	-1	-1	-1	True	False	True
526	2	131.5	57	3	A	0	1.0	1	2	4	2	1	1/8	True	-1	44	69	42	42a	3	263/2	False	True					False	151		V	d	i		V	V					M	True	True	(1, 5, 2)	()	1	1	minor	minor	i	i, minor	V		i	i	True	V	V, minor		V, minor		V	V	5		2	2	2	3	3	A	A	D	D	major triad	0	True	True	True	True	True	1	1	1	True	True	True
526	2	131.5	73	7	C	1	1.0	1	2	4	1	1	1/8	True	-1	44	69	42	42a	5	263/2	False	True					False	151		V	d	i		V	V					M	True	True	(1, 5, 2)	()	1	1	minor	minor	i	i, minor	V		i	i	True	V	V, minor		V, minor		V	V	5		2	2	2	3	3	A	A	D	D	major triad	0	True	True	True	True	True	5	5	5	True	False	False
528	1	132.0	57	3	A	0	1.5	0	2	4	2	1	1/16	True	-1	44	69	42	42a	3	132	False	False					False	151		V	d	i		V	V					M	True	True	(1, 5, 2)	()	1	1	minor	minor	i	i, minor	V		i	i	True	V	V, minor		V, minor		V	V	5		2	2	2	3	3	A	A	D	D	major triad	0	True	True	True	True	True	1	1	1	True	True	True
528	2	132.0	81	3	A	0	1.5	0	2	4	1	1	1/8	True	-1	44	69	42	42a	5	132	False	False					False	151		V	d	i		V	V					M	True	True	(1, 5, 2)	()	1	1	minor	minor	i	i, minor	V		i	i	True	V	V, minor		V, minor		V	V	5		2	2	2	3	3	A	A	D	D	major triad	0	True	True	True	True	True	1	1	1	True	True	True
529	1	132.25	59	5	B	0	1.75	0	2	4	2	1	1/16	True	-1	44	69	42	42a	3	529/4	False	False					False	151		V	d	i		V	V					M	True	True	(1, 5, 2)	()	1	1	minor	minor	i	i, minor	V		i	i	True	V	V, minor		V, minor		V	V	5		2	2	2	3	3	A	A	D	D	major triad	0	True	True	True	True	True	3	3	3	False	False	False
530	1	132.5	61	7	C	1	2.0	2	2	4	2	1	1/16	True	-1	44	69	42	42a	4	265/2	False	True					False	152		V65	d	i		V65	V		65			Mm7	True	True	(5, 2, -1, 1)	()	1	5	minor	minor	i	i, minor	V		i	i	True	V65	V65, minor		V65, minor		V	V7	5		2	2	2	3	7	A	C#	D	D	dominant seventh chord	1	True	True	True	True	True	5	5	5	True	False	True
530	2	132.5	81	3	A	0	2.0	2	2	4	1	1	1/8	True	-1	44	69	42	42a	5	265/2	False	True					False	152		V65	d	i		V65	V		65			Mm7	True	True	(5, 2, -1, 1)	()	1	5	minor	minor	i	i, minor	V		i	i	True	V65	V65, minor		V65, minor		V	V7	5		2	2	2	3	7	A	C#	D	D	dominant seventh chord	1	True	True	True	True	True	1	1	1	True	True	False
531	1	132.75	62	2	D	0	2.25	0	2	4	2	1	1/16	True	-1	44	69	42	42a	4	531/4	False	False					False	152		V65	d	i		V65	V		65			Mm7	True	True	(5, 2, -1, 1)	()	1	5	minor	minor	i	i, minor	V		i	i	True	V65	V65, minor		V65, minor		V	V7	5		2	2	2	3	7	A	C#	D	D	dominant seventh chord	1	True	True	True	True	True	0	0	0	False	False	False
532	1	133.0	59	5	B	0	2.5	0	2	4	2	1	1/16	True	-1	44	69	42	42a	3	133	False	False					False	152		V65	d	i		V65	V		65			Mm7	True	True	(5, 2, -1, 1)	()	1	5	minor	minor	i	i, minor	V		i	i	True	V65	V65, minor		V65, minor		V	V7	5		2	2	2	3	7	A	C#	D	D	dominant seventh chord	1	True	True	True	True	True	3	3	3	False	False	False
532	2	133.0	76	4	E	0	2.5	0	2	4	1	1	1/8	True	-1	44	69	42	42a	5	133	False	False					False	152		V65	d	i		V65	V		65			Mm7	True	True	(5, 2, -1, 1)	()	1	5	minor	minor	i	i, minor	V		i	i	True	V65	V65, minor		V65, minor		V	V7	5		2	2	2	3	7	A	C#	D	D	dominant seventh chord	1	True	True	True	True	True	2	2	2	True	False	False
533	1	133.25	61	7	C	1	2.75	0	2	4	2	1	1/16	True	-1	44	69	42	42a	4	533/4	False	False					False	152		V65	d	i		V65	V		65			Mm7	True	True	(5, 2, -1, 1)	()	1	5	minor	minor	i	i, minor	V		i	i	True	V65	V65, minor		V65, minor		V	V7	5		2	2	2	3	7	A	C#	D	D	dominant seventh chord	1	True	True	True	True	True	5	5	5	True	False	True
534	2	133.5	62	2	D	0	1.0	1	2	4	2	1	1/8	True	-1	45	70	43	43a	4	267/2	False	True					False	153		i	d	i		i	i					m	True	True	(0, -3, 1)	()	0	0	minor	minor	i	i, minor	i		i	i	True	i	i, minor		i, minor		i	i	1		2	2	2	2	2	D	D	D	D	minor triad	0	True	True	True	True	True	0	0	0	True	True	True
534	3	133.5	77	-1	F	0	1.0	1	2	4	1	1	3/16	True	-1	45	70	43	43a	5	267/2	False	True					False	153		i	d	i		i	i					m	True	True	(0, -3, 1)	()	0	0	minor	minor	i	i, minor	i		i	i	True	i	i, minor		i, minor		i	i	1		2	2	2	2	2	D	D	D	D	minor triad	0	True	True	True	True	True	-3	-3	-3	True	False	False
536	2	134.0	60	0	C	0	1.5	0	2	4	2	1	1/8	True	-1	45	70	43	43a	4	134	False	False					False	153		i	d	i		i	i					m	True	True	(0, -3, 1)	()	0	0	minor	minor	i	i, minor	i		i	i	True	i	i, minor		i, minor		i	i	1		2	2	2	2	2	D	D	D	D	minor triad	0	True	True	True	True	True	-2	-2	-2	False	False	False
537	1	134.25	79	1	G	0	1.75	0	2	4	1	1	1/16	True	-1	45	70	43	43a	5	537/4	False	False					False	153		i	d	i		i	i					m	True	True	(0, -3, 1)	()	0	0	minor	minor	i	i, minor	i		i	i	True	i	i, minor		i, minor		i	i	1		2	2	2	2	2	D	D	D	D	minor triad	0	True	True	True	True	True	-1	-1	-1	False	False	False
538	4	134.5	58	-2	B	-1	2.0	2	2	4	2	1	1/4	True	-1	45	70	43	43a	3	269/2	False	True					False	154		iv6	d	i		iv6	iv		6			m	True	True	(-4, 0, -1)	()	-1	-4	minor	minor	i	i, minor	iv		i	i	True	iv6	iv6, minor		iv6, minor		iv	iv	4		2	2	2	1	-2	G	Bb	D	D	minor triad	1	True	True	True	True	True	-4	-4	-4	True	False	True
538	3	134.5	79	1	G	0	2.0	2	2	4	1	1	3/16	True	-1	45	70	43	43a	5	269/2	False	True					False	154		iv6	d	i		iv6	iv		6			m	True	True	(-4, 0, -1)	()	-1	-4	minor	minor	i	i, minor	iv		i	i	True	iv6	iv6, minor		iv6, minor		iv	iv	4		2	2	2	1	-2	G	Bb	D	D	minor triad	1	True	True	True	True	True	-1	-1	-1	True	True	False
541	1	135.25	81	3	A	0	2.75	0	2	4	1	1	1/16	True	-1	45	70	43	43a	5	541/4	False	False					False	154		iv6	d	i		iv6	iv		6			m	True	True	(-4, 0, -1)	()	-1	-4	minor	minor	i	i, minor	iv		i	i	True	iv6	iv6, minor		iv6, minor		iv	iv	4		2	2	2	1	-2	G	Bb	D	D	minor triad	1	True	True	True	True	True	1	1	1	False	False	False
542	2	135.5	57	3	A	0	1.0	1	2	4	2	1	1/8	True	-1	46	71	44	44a	3	271/2	False	True	HC.PHR	HC	PHR	}	True	155		V|HC.PHR}	d	i		V	V					M	True	True	(1, 5, 2)	()	1	1	minor	minor	i	i, minor	V		i	i	True	V	V, minor		V, minor		V	V	5		2	2	2	3	3	A	A	D	D	major triad	0	True	True	True	True	True	1	1	1	True	True	True
542	2	135.5	73	7	C	1	1.0	1	2	4	1	1	1/8	True	-1	46	71	44	44a	5	271/2	False	True	HC.PHR	HC	PHR	}	True	155		V|HC.PHR}	d	i		V	V					M	True	True	(1, 5, 2)	()	1	1	minor	minor	i	i, minor	V		i	i	True	V	V, minor		V, minor		V	V	5		2	2	2	3	3	A	A	D	D	major triad	0	True	True	True	True	True	5	5	5	True	False	False
542	2	135.5	76	4	E	0	1.0	1	2	4	1	1	1/8	True	-1	46	71	44	44a	5	271/2	False	True	HC.PHR	HC	PHR	}	True	155		V|HC.PHR}	d	i		V	V					M	True	True	(1, 5, 2)	()	1	1	minor	minor	i	i, minor	V		i	i	True	V	V, minor		V, minor		V	V	5		2	2	2	3	3	A	A	D	D	major triad	0	True	True	True	True	True	2	2	2	True	False	False
542	2	135.5	81	3	A	0	1.0	1	2	4	1	1	1/8	True	-1	46	71	44	44a	5	271/2	False	True	HC.PHR	HC	PHR	}	True	155		V|HC.PHR}	d	i		V	V					M	True	True	(1, 5, 2)	()	1	1	minor	minor	i	i, minor	V		i	i	True	V	V, minor		V, minor		V	V	5		2	2	2	3	3	A	A	D	D	major triad	0	True	True	True	True	True	1	1	1	True	True	True
544	2	136.0	62	2	D	0	1.5	0	2	4	2	1	1/8	True	-1	46	71	44	44a	4	136	False	True				{	False	156		i{	d	i		i	i					m	True	True	(0, -3, 1)	()	0	0	minor	minor	i	i, minor	i		i	i	True	i	i, minor		i, minor		i	i	1		2	2	2	2	2	D	D	D	D	minor triad	0	True	True	True	True	True	0	0	0	True	True	True
544	1	136.0	77	-1	F	0	1.5	0	2	4	1	1	1/16	True	-1	46	71	44	44a	5	136	False	True				{	False	156		i{	d	i		i	i					m	True	True	(0, -3, 1)	()	0	0	minor	minor	i	i, minor	i		i	i	True	i	i, minor		i, minor		i	i	1		2	2	2	2	2	D	D	D	D	minor triad	0	True	True	True	True	True	-3	-3	-3	True	False	False
545	1	136.25	76	4	E	0	1.75	0	2	4	1	1	1/16	True	-1	46	71	44	44a	5	545/4	False	False					False	156		i{	d	i		i	i					m	True	True	(0, -3, 1)	()	0	0	minor	minor	i	i, minor	i		i	i	True	i	i, minor		i, minor		i	i	1		2	2	2	2	2	D	D	D	D	minor triad	0	True	True	True	True	True	2	2	2	False	False	False
546	2	136.5	62	2	D	0	2.0	2	2	4	2	1	1/8	True	-1	46	71	44	44a	4	273/2	False	False					False	156		i{	d	i		i	i					m	True	True	(0, -3, 1)	()	0	0	minor	minor	i	i, minor	i		i	i	True	i	i, minor		i, minor		i	i	1		2	2	2	2	2	D	D	D	D	minor triad	0	True	True	True	True	True	0	0	0	True	True	True
546	1	136.5	77	-1	F	0	2.0	2	2	4	1	1	1/16	True	-1	46	71	44	44a	5	273/2	False	False					False	156		i{	d	i		i	i					m	True	True	(0, -3, 1)	()	0	0	minor	minor	i	i, minor	i		i	i	True	i	i, minor		i, minor		i	i	1		2	2	2	2	2	D	D	D	D	minor triad	0	True	True	True	True	True	-3	-3	-3	True	False	False
547	1	136.75	76	4	E	0	2.25	0	2	4	1	1	1/16	True	-1	46	71	44	44a	5	547/4	False	False					False	156		i{	d	i		i	i					m	True	True	(0, -3, 1)	()	0	0	minor	minor	i	i, minor	i		i	i	True	i	i, minor		i, minor		i	i	1		2	2	2	2	2	D	D	D	D	minor triad	0	True	True	True	True	True	2	2	2	False	False	False
548	2	137.0	57	3	A	0	2.5	0	2	4	2	1	1/8	True	-1	46	71	44	44a	3	137	False	True					False	157		i64	d	i		i64	i		64			m	True	True	(1, 0, -3)	()	0	1	minor	minor	i	i, minor	i		i	i	True	i64	i64, minor		i64, minor		i	i	1		2	2	2	2	3	D	A	D	D	minor triad	2	True	True	True	True	True	1	1	1	True	False	True
548	1	137.0	74	2	D	0	2.5	0	2	4	1	1	1/16	True	-1	46	71	44	44a	5	137	False	True					False	157		i64	d	i		i64	i		64			m	True	True	(1, 0, -3)	()	0	1	minor	minor	i	i, minor	i		i	i	True	i64	i64, minor		i64, minor		i	i	1		2	2	2	2	3	D	A	D	D	minor triad	2	True	True	True	True	True	0	0	0	True	True	False
549	1	137.25	72	0	C	0	2.75	0	2	4	1	1	1/16	True	-1	46	71	44	44a	5	549/4	False	False					False	157		i64	d	i		i64	i		64			m	True	True	(1, 0, -3)	()	0	1	minor	minor	i	i, minor	i		i	i	True	i64	i64, minor		i64, minor		i	i	1		2	2	2	2	3	D	A	D	D	minor triad	2	True	True	True	True	True	-2	-2	-2	False	False	False
550	2	137.5	55	1	G	0	1.0	1	2	4	2	1	1/8	True	-1	47	72	45	45a	3	275/2	False	True					False	158		IV7	d	i		IV7	IV		7			Mm7	True	True	(-1, 3, 0, -3)	()	-1	-1	minor	minor	i	i, minor	IV		i	i	True	IV7	IV7, minor		IV7, minor		IV	IV7	4		2	2	2	1	1	G	G	D	D	dominant seventh chord	7	True	True	True	True	True	-1	-1	-1	True	True	True
550	2	137.5	71	5	B	0	1.0	1	2	4	1	1	1/8	True	-1	47	72	45	45a	4	275/2	False	True					False	158		IV7	d	i		IV7	IV		7			Mm7	True	True	(-1, 3, 0, -3)	()	-1	-1	minor	minor	i	i, minor	IV		i	i	True	IV7	IV7, minor		IV7, minor		IV	IV7	4		2	2	2	1	1	G	G	D	D	dominant seventh chord	7	True	True	True	True	True	3	3	3	True	False	False
552	2	138.0	61	7	C	1	1.5	0	2	4	2	1	1/8	True	-1	47	72	45	45a	4	138	False	True					False	159		V65	d	i		V65	V		65			Mm7	True	True	(5, 2, -1, 1)	()	1	5	minor	minor	i	i, minor	V		i	i	True	V65	V65, minor		V65, minor		V	V7	5		2	2	2	3	7	A	C#	D	D	dominant seventh chord	1	True	True	True	True	True	5	5	5	True	False	True
552	1	138.0	76	4	E	0	1.5	0	2	4	1	1	1/16	True	-1	47	72	45	45a	5	138	False	True					False	159		V65	d	i		V65	V		65			Mm7	True	True	(5, 2, -1, 1)	()	1	5	minor	minor	i	i, minor	V		i	i	True	V65	V65, minor		V65, minor		V	V7	5		2	2	2	3	7	A	C#	D	D	dominant seventh chord	1	True	True	True	True	True	2	2	2	True	False	False
553	1	138.25	74	2	D	0	1.75	0	2	4	1	1	1/16	True	-1	47	72	45	45a	5	553/4	False	False					False	159		V65	d	i		V65	V		65			Mm7	True	True	(5, 2, -1, 1)	()	1	5	minor	minor	i	i, minor	V		i	i	True	V65	V65, minor		V65, minor		V	V7	5		2	2	2	3	7	A	C#	D	D	dominant seventh chord	1	True	True	True	True	True	0	0	0	False	False	False
554	2	138.5	61	7	C	1	2.0	2	2	4	2	1	1/8	True	-1	47	72	45	45a	4	277/2	False	False					False	159		V65	d	i		V65	V		65			Mm7	True	True	(5, 2, -1, 1)	()	1	5	minor	minor	i	i, minor	V		i	i	True	V65	V65, minor		V65, minor		V	V7	5		2	2	2	3	7	A	C#	D	D	dominant seventh chord	1	True	True	True	True	True	5	5	5	True	False	True
554	1	138.5	76	4	E	0	2.0	2	2	4	1	1	1/16	True	-1	47	72	45	45a	5	277/2	False	False					False	159		V65	d	i		V65	V		65			Mm7	True	True	(5, 2, -1, 1)	()	1	5	minor	minor	i	i, minor	V		i	i	True	V65	V65, minor		V65, minor		V	V7	5		2	2	2	3	7	A	C#	D	D	dominant seventh chord	1	True	True	True	True	True	2	2	2	True	False	False
555	1	138.75	74	2	D	0	2.25	0	2	4	1	1	1/16	True	-1	47	72	45	45a	5	555/4	False	False					False	159		V65	d	i		V65	V		65			Mm7	True	True	(5, 2, -1, 1)	()	1	5	minor	minor	i	i, minor	V		i	i	True	V65	V65, minor		V65, minor		V	V7	5		2	2	2	3	7	A	C#	D	D	dominant seventh chord	1	True	True	True	True	True	0	0	0	False	False	False
556	2	139.0	55	1	G	0	2.5	0	2	4	2	1	1/8	True	-1	47	72	45	45a	3	139	False	True					False	160		V2	d	i		V2	V		2			Mm7	True	True	(-1, 1, 5, 2)	()	1	-1	minor	minor	i	i, minor	V		i	i	True	V2	V2, minor		V2, minor		V	V7	5		2	2	2	3	1	A	G	D	D	dominant seventh chord	3	True	True	True	True	True	-1	-1	-1	True	False	True
556	1	139.0	73	7	C	1	2.5	0	2	4	1	1	1/16	True	-1	47	72	45	45a	5	139	False	True					False	160		V2	d	i		V2	V		2			Mm7	True	True	(-1, 1, 5, 2)	()	1	-1	minor	minor	i	i, minor	V		i	i	True	V2	V2, minor		V2, minor		V	V7	5		2	2	2	3	1	A	G	D	D	dominant seventh chord	3	True	True	True	True	True	5	5	5	True	False	False
557	1	139.25	71	5	B	0	2.75	0	2	4	1	1	1/16	True	-1	47	72	45	45a	4	557/4	False	False					False	160		V2	d	i		V2	V		2			Mm7	True	True	(-1, 1, 5, 2)	()	1	-1	minor	minor	i	i, minor	V		i	i	True	V2	V2, minor		V2, minor		V	V7	5		2	2	2	3	1	A	G	D	D	dominant seventh chord	3	True	True	True	True	True	3	3	3	False	False	False
558	2	139.5	53	-1	F	0	1.0	1	2	4	2	1	1/8	True	-1	48	73	46	46a	3	279/2	False	True					False	161		i	d	i		i	i					m	True	True	(0, -3, 1)	()	0	0	minor	minor	i	i, minor	i		i	i	True	i	i, minor		i, minor		i	i	1		2	2	2	2	2	D	D	D	D	minor triad	0	True	True	True	True	True	-3	-3	-3	True	False	False
558	2	139.5	69	3	A	0	1.0	1	2	4	1	1	1/8	True	-1	48	73	46	46a	4	279/2	False	True					False	161		i	d	i		i	i					m	True	True	(0, -3, 1)	()	0	0	minor	minor	i	i, minor	i		i	i	True	i	i, minor		i, minor		i	i	1		2	2	2	2	2	D	D	D	D	minor triad	0	True	True	True	True	True	1	1	1	True	False	False
560	2	140.0	58	-2	B	-1	1.5	0	2	4	2	1	1/8	True	-1	48	73	46	46a	3	140	False	True					False	162		iv6	d	i		iv6	iv		6			m	True	True	(-4, 0, -1)	()	-1	-4	minor	minor	i	i, minor	iv		i	i	True	iv6	iv6, minor		iv6, minor		iv	iv	4		2	2	2	1	-2	G	Bb	D	D	minor triad	1	True	True	True	True	True	-4	-4	-4	True	False	True
560	1	140.0	74	2	D	0	1.5	0	2	4	1	1	1/16	True	-1	48	73	46	46a	5	140	False	True					False	162		iv6	d	i		iv6	iv		6			m	True	True	(-4, 0, -1)	()	-1	-4	minor	minor	i	i, minor	iv		i	i	True	iv6	iv6, minor		iv6, minor		iv	iv	4		2	2	2	1	-2	G	Bb	D	D	minor triad	1	True	True	True	True	True	0	0	0	True	False	False
561	1	140.25	72	0	C	0	1.75	0	2	4	1	1	1/16	True	-1	48	73	46	46a	5	561/4	False	False					False	162		iv6	d	i		iv6	iv		6			m	True	True	(-4, 0, -1)	()	-1	-4	minor	minor	i	i, minor	iv		i	i	True	iv6	iv6, minor		iv6, minor		iv	iv	4		2	2	2	1	-2	G	Bb	D	D	minor triad	1	True	True	True	True	True	-2	-2	-2	False	False	False
562	2	140.5	58	-2	B	-1	2.0	2	2	4	2	1	1/8	True	-1	48	73	46	46a	3	281/2	False	False					False	162		iv6	d	i		iv6	iv		6			m	True	True	(-4, 0, -1)	()	-1	-4	minor	minor	i	i, minor	iv		i	i	True	iv6	iv6, minor		iv6, minor		iv	iv	4		2	2	2	1	-2	G	Bb	D	D	minor triad	1	True	True	True	True	True	-4	-4	-4	True	False	True
562	1	140.5	74	2	D	0	2.0	2	2	4	1	1	1/16	True	-1	48	73	46	46a	5	281/2	False	False					False	162		iv6	d	i		iv6	iv		6			m	True	True	(-4, 0, -1)	()	-1	-4	minor	minor	i	i, minor	iv		i	i	True	iv6	iv6, minor		iv6, minor		iv	iv	4		2	2	2	1	-2	G	Bb	D	D	minor triad	1	True	True	True	True	True	0	0	0	True	False	False
563	1	140.75	72	0	C	0	2.25	0	2	4	1	1	1/16	True	-1	48	73	46	46a	5	563/4	False	False					False	162		iv6	d	i		iv6	iv		6			m	True	True	(-4, 0, -1)	()	-1	-4	minor	minor	i	i, minor	iv		i	i	True	iv6	iv6, minor		iv6, minor		iv	iv	4		2	2	2	1	-2	G	Bb	D	D	minor triad	1	True	True	True	True	True	-2	-2	-2	False	False	False
564	2	141.0	53	-1	F	0	2.5	0	2	4	2	1	1/8	True	-1	48	73	46	46a	3	141	False	True					False	163		iv2	d	i		iv2	iv		2			mm7	True	True	(-3, -1, -4, 0)	()	-1	-3	minor	minor	i	i, minor	iv		i	i	True	iv2	iv2, minor		iv2, minor		iv	iv7	4		2	2	2	1	-1	G	F	D	D		3	True	True	True	True	True	-3	-3	-3	True	False	True
564	1	141.0	70	-2	B	-1	2.5	0	2	4	1	1	1/16	True	-1	48	73	46	46a	4	141	False	True					False	163		iv2	d	i		iv2	iv		2			mm7	True	True	(-3, -1, -4, 0)	()	-1	-3	minor	minor	i	i, minor	iv		i	i	True	iv2	iv2, minor		iv2, minor		iv	iv7	4		2	2	2	1	-1	G	F	D	D		3	True	True	True	True	True	-4	-4	-4	True	False	False
565	1	141.25	69	3	A	0	2.75	0	2	4	1	1	1/16	True	-1	48	73	46	46a	4	565/4	False	False					False	163		iv2	d	i		iv2	iv		2			mm7	True	True	(-3, -1, -4, 0)	()	-1	-3	minor	minor	i	i, minor	iv		i	i	True	iv2	iv2, minor		iv2, minor		iv	iv7	4		2	2	2	1	-1	G	F	D	D		3	True	True	True	True	True	1	1	1	False	False	False
566	2	141.5	52	4	E	0	1.0	1	2	4	2	1	1/8	True	-1	49	74	47	47a	3	283/2	False	True					False	164		V43	d	i		V43	V		43			Mm7	True	True	(2, -1, 1, 5)	()	1	2	minor	minor	i	i, minor	V		i	i	True	V43	V43, minor		V43, minor		V	V7	5		2	2	2	3	4	A	E	D	D	dominant seventh chord	2	True	True	True	True	True	2	2	2	True	False	True
566	1	141.5	67	1	G	0	1.0	1	2	4	1	1	1/16	True	-1	49	74	47	47a	4	283/2	False	True					False	164		V43	d	i		V43	V		43			Mm7	True	True	(2, -1, 1, 5)	()	1	2	minor	minor	i	i, minor	V		i	i	True	V43	V43, minor		V43, minor		V	V7	5		2	2	2	3	4	A	E	D	D	dominant seventh chord	2	True	True	True	True	True	-1	-1	-1	True	False	False
567	1	141.75	70	-2	B	-1	1.25	0	2	4	1	1	1/16	True	-1	49	74	47	47a	4	567/4	False	False					False	164		V43	d	i		V43	V		43			Mm7	True	True	(2, -1, 1, 5)	()	1	2	minor	minor	i	i, minor	V		i	i	True	V43	V43, minor		V43, minor		V	V7	5		2	2	2	3	4	A	E	D	D	dominant seventh chord	2	True	True	True	True	True	-4	-4	-4	False	False	False
568	2	142.0	49	7	C	1	1.5	0	2	4	2	1	1/8	True	-1	49	74	47	47a	3	142	False	True					False	165		V65	d	i		V65	V		65			Mm7	True	True	(5, 2, -1, 1)	()	1	5	minor	minor	i	i, minor	V		i	i	True	V65	V65, minor		V65, minor		V	V7	5		2	2	2	3	7	A	C#	D	D	dominant seventh chord	1	True	True	True	True	True	5	5	5	True	False	True
568	1	142.0	69	3	A	0	1.5	0	2	4	1	1	1/16	True	-1	49	74	47	47a	4	142	False	True					False	165		V65	d	i		V65	V		65			Mm7	True	True	(5, 2, -1, 1)	()	1	5	minor	minor	i	i, minor	V		i	i	True	V65	V65, minor		V65, minor		V	V7	5		2	2	2	3	7	A	C#	D	D	dominant seventh chord	1	True	True	True	True	True	1	1	1	True	True	False
569	1	142.25	67	1	G	0	1.75	0	2	4	1	1	1/16	True	-1	49	74	47	47a	4	569/4	False	False					False	165		V65	d	i		V65	V		65			Mm7	True	True	(5, 2, -1, 1)	()	1	5	minor	minor	i	i, minor	V		i	i	True	V65	V65, minor		V65, minor		V	V7	5		2	2	2	3	7	A	C#	D	D	dominant seventh chord	1	True	True	True	True	True	-1	-1	-1	True	False	False
570	2	142.5	50	2	D	0	2.0	2	2	4	2	1	1/8	True	-1	49	74	47	47a	3	285/2	False	True					False	166		i	d	i		i	i					m	True	True	(0, -3, 1)	()	0	0	minor	minor	i	i, minor	i		i	i	True	i	i, minor		i, minor		i	i	1		2	2	2	2	2	D	D	D	D	minor triad	0	True	True	True	True	True	0	0	0	True	True	True
570	3	142.5	65	-1	F	0	2.0	2	2	4	1	1	3/16	True	-1	49	74	47	47a	4	285/2	False	True					False	166		i	d	i		i	i					m	True	True	(0, -3, 1)	()	0	0	minor	minor	i	i, minor	i		i	i	True	i	i, minor		i, minor		i	i	1		2	2	2	2	2	D	D	D	D	minor triad	0	True	True	True	True	True	-3	-3	-3	True	False	False
572	2	143.0	38	2	D	0	2.5	0	2	4	2	1	1/8	True	-1	49	74	47	47a	2	143	False	False					False	166		i	d	i		i	i					m	True	True	(0, -3, 1)	()	0	0	minor	minor	i	i, minor	i		i	i	True	i	i, minor		i, minor		i	i	1		2	2	2	2	2	D	D	D	D	minor triad	0	True	True	True	True	True	0	0	0	True	True	True
573	1	143.25	64	4	E	0	2.75	0	2	4	1	1	1/16	True	-1	49	74	47	47a	4	573/4	False	False					False	166		i	d	i		i	i					m	True	True	(0, -3, 1)	()	0	0	minor	minor	i	i, minor	i		i	i	True	i	i, minor		i, minor		i	i	1		2	2	2	2	2	D	D	D	D	minor triad	0	True	True	True	True	True	2	2	2	False	False	False
574	2	143.5	45	3	A	0	1.0	1	2	4	2	1	1/8	True	-1	50	75	48	48a	2	287/2	False	True	HC.SIM	HC	SIM	}	True	167		V|HC.SIM}	d	i		V	V					M	True	True	(1, 5, 2)	()	1	1	minor	minor	i	i, minor	V		i	i	True	V	V, minor		V, minor		V	V	5		2	2	2	3	3	A	A	D	D	major triad	0	True	True	True	True	True	1	1	1	True	True	True
574	2	143.5	57	3	A	0	1.0	1	2	4	1	1	1/8	True	-1	50	75	48	48a	3	287/2	False	True	HC.SIM	HC	SIM	}	True	167		V|HC.SIM}	d	i		V	V					M	True	True	(1, 5, 2)	()	1	1	minor	minor	i	i, minor	V		i	i	True	V	V, minor		V, minor		V	V	5		2	2	2	3	3	A	A	D	D	major triad	0	True	True	True	True	True	1	1	1	True	True	True
574	2	143.5	61	7	C	1	1.0	1	2	4	1	1	1/8	True	-1	50	75	48	48a	4	287/2	False	True	HC.SIM	HC	SIM	}	True	167		V|HC.SIM}	d	i		V	V					M	True	True	(1, 5, 2)	()	1	1	minor	minor	i	i, minor	V		i	i	True	V	V, minor		V, minor		V	V	5		2	2	2	3	3	A	A	D	D	major triad	0	True	True	True	True	True	5	5	5	True	False	False
574	2	143.5	64	4	E	0	1.0	1	2	4	1	1	1/8	True	-1	50	75	48	48a	4	287/2	False	True	HC.SIM	HC	SIM	}	True	167		V|HC.SIM}	d	i		V	V					M	True	True	(1, 5, 2)	()	1	1	minor	minor	i	i, minor	V		i	i	True	V	V, minor		V, minor		V	V	5		2	2	2	3	3	A	A	D	D	major triad	0	True	True	True	True	True	2	2	2	True	False	False
576	2	144.0	57	3	A	0	1.5	0	2	4	2	1	1/8	True	-1	50	75	48	48a	3	144	False	False				{	False	168		{	d	i		V	V					M	True	True	()	()	1	1	minor	minor	i	i, minor	V		i	i	True		, minor		V, minor		V	V	5		2	2	2	3	3	A	A	D	D	None	0	False	True	True	True	True	1	1	1	False	True	True
576	1	144.0	69	3	A	0	1.5	0	2	4	1	1	1/16	True	-1	50	75	48	48a	4	144	False	False				{	False	168		{	d	i		V	V					M	True	True	()	()	1	1	minor	minor	i	i, minor	V		i	i	True		, minor		V, minor		V	V	5		2	2	2	3	3	A	A	D	D	None	0	False	True	True	True	True	1	1	1	False	True	True
577	1	144.25	71	5	B	0	1.75	0	2	4	1	1	1/16	True	-1	50	75	48	48a	4	577/4	False	False					False	168		{	d	i		V	V					M	True	True	()	()	1	1	minor	minor	i	i, minor	V		i	i	True		, minor		V, minor		V	V	5		2	2	2	3	3	A	A	D	D	None	0	False	True	True	True	True	3	3	3	False	False	False
578	2	144.5	57	3	A	0	2.0	2	2	4	2	1	1/8	True	-1	50	75	48	48a	3	289/2	False	False					False	168		{	d	i		V	V					M	True	True	()	()	1	1	minor	minor	i	i, minor	V		i	i	True		, minor		V, minor		V	V	5		2	2	2	3	3	A	A	D	D	None	0	False	True	True	True	True	1	1	1	False	True	True
578	1	144.5	73	7	C	1	2.0	2	2	4	1	1	1/16	True	-1	50	75	48	48a	5	289/2	False	False					False	168		{	d	i		V	V					M	True	True	()	()	1	1	minor	minor	i	i, minor	V		i	i	True		, minor		V, minor		V	V	5		2	2	2	3	3	A	A	D	D	None	0	False	True	True	True	True	5	5	5	False	False	False
579	1	144.75	74	2	D	0	2.25	0	2	4	1	1	1/16	True	-1	50	75	48	48a	5	579/4	False	False					False	168		{	d	i		V	V					M	True	True	()	()	1	1	minor	minor	i	i, minor	V		i	i	True		, minor		V, minor		V	V	5		2	2	2	3	3	A	A	D	D	None	0	False	True	True	True	True	0	0	0	False	False	False
580	2	145.0	52	4	E	0	2.5	0	2	4	2	1	1/8	True	-1	50	75	48	48a	3	145	False	True					False	169		V43	d	i		V43	V		43			Mm7	True	True	(2, -1, 1, 5)	()	1	2	minor	minor	i	i, minor	V		i	i	True	V43	V43, minor		V43, minor		V	V7	5		2	2	2	3	4	A	E	D	D	dominant seventh chord	2	True	True	True	True	True	2	2	2	True	False	True
580	1	145.0	71	5	B	0	2.5	0	2	4	1	1	1/16	True	-1	50	75	48	48a	4	145	False	True					False	169		V43	d	i		V43	V		43			Mm7	True	True	(2, -1, 1, 5)	()	1	2	minor	minor	i	i, minor	V		i	i	True	V43	V43, minor		V43, minor		V	V7	5		2	2	2	3	4	A	E	D	D	dominant seventh chord	2	True	True	True	True	True	3	3	3	False	False	False
581	1	145.25	73	7	C	1	2.75	0	2	4	1	1	1/16	True	-1	50	75	48	48a	5	581/4	False	False					False	169		V43	d	i		V43	V		43			Mm7	True	True	(2, -1, 1, 5)	()	1	2	minor	minor	i	i, minor	V		i	i	True	V43	V43, minor		V43, minor		V	V7	5		2	2	2	3	4	A	E	D	D	dominant seventh chord	2	True	True	True	True	True	5	5	5	True	False	False
582	2	145.5	53	-1	F	0	1.0	1	2	4	2	1	1/8	True	-1	51	76	49	49a	3	291/2	False	True					False	170		i6	d	i		i6	i		6			m	True	True	(-3, 1, 0)	()	0	-3	minor	minor	i	i, minor	i		i	i	True	i6	i6, minor		i6, minor		i	i	1		2	2	2	2	-1	D	F	D	D	minor triad	1	True	True	True	True	True	-3	-3	-3	True	False	True
582	1	145.5	74	2	D	0	1.0	1	2	4	1	1	1/16	True	-1	51	76	49	49a	5	291/2	False	True					False	170		i6	d	i		i6	i		6			m	True	True	(-3, 1, 0)	()	0	-3	minor	minor	i	i, minor	i		i	i	True	i6	i6, minor		i6, minor		i	i	1		2	2	2	2	-1	D	F	D	D	minor triad	1	True	True	True	True	True	0	0	0	True	True	False
583	1	145.75	76	4	E	0	1.25	0	2	4	1	1	1/16	True	-1	51	76	49	49a	5	583/4	False	False					False	170		i6	d	i		i6	i		6			m	True	True	(-3, 1, 0)	()	0	-3	minor	minor	i	i, minor	i		i	i	True	i6	i6, minor		i6, minor		i	i	1		2	2	2	2	-1	D	F	D	D	minor triad	1	True	True	True	True	True	2	2	2	False	False	False
584	2	146.0	57	3	A	0	1.5	0	2	4	2	1	1/8	True	-1	51	76	49	49a	3	146	False	True					False	171		V	d	i		V	V					M	True	True	(1, 5, 2)	()	1	1	minor	minor	i	i, minor	V		i	i	True	V	V, minor		V, minor		V	V	5		2	2	2	3	3	A	A	D	D	major triad	0	True	True	True	True	True	1	1	1	True	True	True
584	1	146.0	73	7	C	1	1.5	0	2	4	1	1	1/16	True	-1	51	76	49	49a	5	146	False	True					False	171		V	d	i		V	V					M	True	True	(1, 5, 2)	()	1	1	minor	minor	i	i, minor	V		i	i	True	V	V, minor		V, minor		V	V	5		2	2	2	3	3	A	A	D	D	major triad	0	True	True	True	True	True	5	5	5	True	False	False
585	1	146.25	74	2	D	0	1.75	0	2	4	1	1	1/16	True	-1	51	76	49	49a	5	585/4	False	False					False	171		V	d	i		V	V					M	True	True	(1, 5, 2)	()	1	1	minor	minor	i	i, minor	V		i	i	True	V	V, minor		V, minor		V	V	5		2	2	2	3	3	A	A	D	D	major triad	0	True	True	True	True	True	0	0	0	False	False	False
586	2	146.5	57	3	A	0	2.0	2	2	4	2	1	1/8	True	-1	51	76	49	49a	3	293/2	False	False					False	171		V	d	i		V	V					M	True	True	(1, 5, 2)	()	1	1	minor	minor	i	i, minor	V		i	i	True	V	V, minor		V, minor		V	V	5		2	2	2	3	3	A	A	D	D	major triad	0	True	True	True	True	True	1	1	1	True	True	True
586	1	146.5	76	4	E	0	2.0	2	2	4	1	1	1/16	True	-1	51	76	49	49a	5	293/2	False	False					False	171		V	d	i		V	V					M	True	True	(1, 5, 2)	()	1	1	minor	minor	i	i, minor	V		i	i	True	V	V, minor		V, minor		V	V	5		2	2	2	3	3	A	A	D	D	major triad	0	True	True	True	True	True	2	2	2	True	False	False
587	1	146.75	77	-1	F	0	2.25	0	2	4	1	1	1/16	True	-1	51	76	49	49a	5	587/4	False	False					False	171		V	d	i		V	V					M	True	True	(1, 5, 2)	()	1	1	minor	minor	i	i, minor	V		i	i	True	V	V, minor		V, minor		V	V	5		2	2	2	3	3	A	A	D	D	major triad	0	True	True	True	True	True	-3	-3	-3	False	False	False
588	2	147.0	49	7	C	1	2.5	0	2	4	2	1	1/8	True	-1	51	76	49	49a	3	147	False	True					False	172		V65	d	i		V65	V		65			Mm7	True	True	(5, 2, -1, 1)	()	1	5	minor	minor	i	i, minor	V		i	i	True	V65	V65, minor		V65, minor		V	V7	5		2	2	2	3	7	A	C#	D	D	dominant seventh chord	1	True	True	True	True	True	5	5	5	True	False	True
588	1	147.0	74	2	D	0	2.5	0	2	4	1	1	1/16	True	-1	51	76	49	49a	5	147	False	True					False	172		V65	d	i		V65	V		65			Mm7	True	True	(5, 2, -1, 1)	()	1	5	minor	minor	i	i, minor	V		i	i	True	V65	V65, minor		V65, minor		V	V7	5		2	2	2	3	7	A	C#	D	D	dominant seventh chord	1	True	True	True	True	True	0	0	0	False	False	False
589	1	147.25	76	4	E	0	2.75	0	2	4	1	1	1/16	True	-1	51	76	49	49a	5	589/4	False	False					False	172		V65	d	i		V65	V		65			Mm7	True	True	(5, 2, -1, 1)	()	1	5	minor	minor	i	i, minor	V		i	i	True	V65	V65, minor		V65, minor		V	V7	5		2	2	2	3	7	A	C#	D	D	dominant seventh chord	1	True	True	True	True	True	2	2	2	True	False	False
590	0	147.5	76	4	E	0	1.0	1	2	4	1	1	0	True	-1	52	77	50	50a	5	295/2	False	True					False	173		i	d	i		i	i					m	True	True	(0, -3, 1)	()	0	0	minor	minor	i	i, minor	i		i	i	True	i	i, minor		i, minor		i	i	1		2	2	2	2	2	D	D	D	D	minor triad	0	True	True	True	True	True	2	2	2	False	False	False
590	2	147.5	50	2	D	0	1.0	1	2	4	2	1	1/8	True	-1	52	77	50	50a	3	295/2	False	True					False	173		i	d	i		i	i					m	True	True	(0, -3, 1)	()	0	0	minor	minor	i	i, minor	i		i	i	True	i	i, minor		i, minor		i	i	1		2	2	2	2	2	D	D	D	D	minor triad	0	True	True	True	True	True	0	0	0	True	True	True
590	2	147.5	77	-1	F	0	1.0	1	2	4	1	1	1/8	True	-1	52	77	50	50a	5	295/2	False	True					False	173		i	d	i		i	i					m	True	True	(0, -3, 1)	()	0	0	minor	minor	i	i, minor	i		i	i	True	i	i, minor		i, minor		i	i	1		2	2	2	2	2	D	D	D	D	minor triad	0	True	True	True	True	True	-3	-3	-3	True	False	False
592	1	148.0	50	2	D	0	1.5	0	2	4	2	1	1/16	True	-1	52	77	50	50a	3	148	False	False					False	173		i	d	i		i	i					m	True	True	(0, -3, 1)	()	0	0	minor	minor	i	i, minor	i		i	i	True	i	i, minor		i, minor		i	i	1		2	2	2	2	2	D	D	D	D	minor triad	0	True	True	True	True	True	0	0	0	True	True	True
592	2	148.0	86	2	D	0	1.5	0	2	4	1	1	1/8	True	-1	52	77	50	50a	6	148	False	False					False	173		i	d	i		i	i					m	True	True	(0, -3, 1)	()	0	0	minor	minor	i	i, minor	i		i	i	True	i	i, minor		i, minor		i	i	1		2	2	2	2	2	D	D	D	D	minor triad	0	True	True	True	True	True	0	0	0	True	True	True
593	1	148.25	52	4	E	0	1.75	0	2	4	2	1	1/16	True	-1	52	77	50	50a	3	593/4	False	False					False	173		i	d	i		i	i					m	True	True	(0, -3, 1)	()	0	0	minor	minor	i	i, minor	i		i	i	True	i	i, minor		i, minor		i	i	1		2	2	2	2	2	D	D	D	D	minor triad	0	True	True	True	True	True	2	2	2	False	False	False
594	1	148.5	54	6	F	1	2.0	2	2	4	2	1	1/16	True	-1	52	77	50	50a	3	297/2	False	True					False	174		V65/iv	d	i		V65/iv	V		65		iv	Mm7	True	True	(4, 1, -2, 0)	()	0	4	minor	minor	i	i, minor	V/iv	iv	iv/i	iv	True	V65/iv	V65/iv, minor		V65/iv, minor	iv	iv	V7	5	4	2	2	1	2	6	D	F#	D	G	dominant seventh chord	1	True	True	True	True	True	4	4	5	True	False	True
594	2	148.5	86	2	D	0	2.0	2	2	4	1	1	1/8	True	-1	52	77	50	50a	6	297/2	False	True					False	174		V65/iv	d	i		V65/iv	V		65		iv	Mm7	True	True	(4, 1, -2, 0)	()	0	4	minor	minor	i	i, minor	V/iv	iv	iv/i	iv	True	V65/iv	V65/iv, minor		V65/iv, minor	iv	iv	V7	5	4	2	2	1	2	6	D	F#	D	G	dominant seventh chord	1	True	True	True	True	True	0	0	1	True	True	False
595	1	148.75	55	1	G	0	2.25	0	2	4	2	1	1/16	True	-1	52	77	50	50a	3	595/4	False	False					False	174		V65/iv	d	i		V65/iv	V		65		iv	Mm7	True	True	(4, 1, -2, 0)	()	0	4	minor	minor	i	i, minor	V/iv	iv	iv/i	iv	True	V65/iv	V65/iv, minor		V65/iv, minor	iv	iv	V7	5	4	2	2	1	2	6	D	F#	D	G	dominant seventh chord	1	True	True	True	True	True	-1	-1	0	False	False	False
596	1	149.0	52	4	E	0	2.5	0	2	4	2	1	1/16	True	-1	52	77	50	50a	3	149	False	False					False	174		V65/iv	d	i		V65/iv	V		65		iv	Mm7	True	True	(4, 1, -2, 0)	()	0	4	minor	minor	i	i, minor	V/iv	iv	iv/i	iv	True	V65/iv	V65/iv, minor		V65/iv, minor	iv	iv	V7	5	4	2	2	1	2	6	D	F#	D	G	dominant seventh chord	1	True	True	True	True	True	2	2	3	False	False	False
596	2	149.0	81	3	A	0	2.5	0	2	4	1	1	1/8	True	-1	52	77	50	50a	5	149	False	False					False	174		V65/iv	d	i		V65/iv	V		65		iv	Mm7	True	True	(4, 1, -2, 0)	()	0	4	minor	minor	i	i, minor	V/iv	iv	iv/i	iv	True	V65/iv	V65/iv, minor		V65/iv, minor	iv	iv	V7	5	4	2	2	1	2	6	D	F#	D	G	dominant seventh chord	1	True	True	True	True	True	1	1	2	True	False	False
597	1	149.25	54	6	F	1	2.75	0	2	4	2	1	1/16	True	-1	52	77	50	50a	3	597/4	False	False					False	174		V65/iv	d	i		V65/iv	V		65		iv	Mm7	True	True	(4, 1, -2, 0)	()	0	4	minor	minor	i	i, minor	V/iv	iv	iv/i	iv	True	V65/iv	V65/iv, minor		V65/iv, minor	iv	iv	V7	5	4	2	2	1	2	6	D	F#	D	G	dominant seventh chord	1	True	True	True	True	True	4	4	5	True	False	True
598	1	149.5	55	1	G	0	1.0	1	2	4	2	1	1/16	True	-1	53	78	51	51a	3	299/2	False	True					False	175		iv	d	i		iv	iv					m	True	True	(-1, -4, 0)	()	-1	-1	minor	minor	i	i, minor	iv		i	i	True	iv	iv, minor		iv, minor		iv	iv	4		2	2	2	1	1	G	G	D	D	minor triad	0	True	True	True	True	True	-1	-1	-1	True	True	True
598	2	149.5	82	-2	B	-1	1.0	1	2	4	1	1	1/8	True	-1	53	78	51	51a	5	299/2	False	True					False	175		iv	d	i		iv	iv					m	True	True	(-1, -4, 0)	()	-1	-1	minor	minor	i	i, minor	iv		i	i	True	iv	iv, minor		iv, minor		iv	iv	4		2	2	2	1	1	G	G	D	D	minor triad	0	True	True	True	True	True	-4	-4	-4	True	False	False
599	1	149.75	57	3	A	0	1.25	0	2	4	2	1	1/16	True	-1	53	78	51	51a	3	599/4	False	False					False	175		iv	d	i		iv	iv					m	True	True	(-1, -4, 0)	()	-1	-1	minor	minor	i	i, minor	iv		i	i	True	iv	iv, minor		iv, minor		iv	iv	4		2	2	2	1	1	G	G	D	D	minor triad	0	True	True	True	True	True	1	1	1	False	False	False
600	1	150.0	54	6	F	1	1.5	0	2	4	2	1	1/16	True	-1	53	78	51	51a	3	150	False	False					False	175		iv	d	i		iv	iv					m	True	True	(-1, -4, 0)	()	-1	-1	minor	minor	i	i, minor	iv		i	i	True	iv	iv, minor		iv, minor		iv	iv	4		2	2	2	1	1	G	G	D	D	minor triad	0	True	True	True	True	True	4	4	4	False	False	False
600	2	150.0	86	2	D	0	1.5	0	2	4	1	1	1/8	True	-1	53	78	51	51a	6	150	False	False					False	175		iv	d	i		iv	iv					m	True	True	(-1, -4, 0)	()	-1	-1	minor	minor	i	i, minor	iv		i	i	True	iv	iv, minor		iv, minor		iv	iv	4		2	2	2	1	1	G	G	D	D	minor triad	0	True	True	True	True	True	0	0	0	True	False	False
601	1	150.25	55	1	G	0	1.75	0	2	4	2	1	1/16	True	-1	53	78	51	51a	3	601/4	False	False					False	175		iv	d	i		iv	iv					m	True	True	(-1, -4, 0)	()	-1	-1	minor	minor	i	i, minor	iv		i	i	True	iv	iv, minor		iv, minor		iv	iv	4		2	2	2	1	1	G	G	D	D	minor triad	0	True	True	True	True	True	-1	-1	-1	True	True	True
602	1	150.5	57	3	A	0	2.0	2	2	4	2	1	1/16	True	-1	53	78	51	51a	3	301/2	False	True					False	176		V65/iv	d	i		V65/iv	V		65		iv	Mm7	True	True	(4, 1, -2, 0)	()	0	4	minor	minor	i	i, minor	V/iv	iv	iv/i	iv	True	V65/iv	V65/iv, minor		V65/iv, minor	iv	iv	V7	5	4	2	2	1	2	6	D	F#	D	G	dominant seventh chord	1	True	True	True	True	True	1	1	2	True	False	False
602	2	150.5	86	2	D	0	2.0	2	2	4	1	1	1/8	True	-1	53	78	51	51a	6	301/2	False	True					False	176		V65/iv	d	i		V65/iv	V		65		iv	Mm7	True	True	(4, 1, -2, 0)	()	0	4	minor	minor	i	i, minor	V/iv	iv	iv/i	iv	True	V65/iv	V65/iv, minor		V65/iv, minor	iv	iv	V7	5	4	2	2	1	2	6	D	F#	D	G	dominant seventh chord	1	True	True	True	True	True	0	0	1	True	True	False
603	1	150.75	58	-2	B	-1	2.25	0	2	4	2	1	1/16	True	-1	53	78	51	51a	3	603/4	False	False					False	176		V65/iv	d	i		V65/iv	V		65		iv	Mm7	True	True	(4, 1, -2, 0)	()	0	4	minor	minor	i	i, minor	V/iv	iv	iv/i	iv	True	V65/iv	V65/iv, minor		V65/iv, minor	iv	iv	V7	5	4	2	2	1	2	6	D	F#	D	G	dominant seventh chord	1	True	True	True	True	True	-4	-4	-3	False	False	False
604	1	151.0	55	1	G	0	2.5	0	2	4	2	1	1/16	True	-1	53	78	51	51a	3	151	False	False					False	176		V65/iv	d	i		V65/iv	V		65		iv	Mm7	True	True	(4, 1, -2, 0)	()	0	4	minor	minor	i	i, minor	V/iv	iv	iv/i	iv	True	V65/iv	V65/iv, minor		V65/iv, minor	iv	iv	V7	5	4	2	2	1	2	6	D	F#	D	G	dominant seventh chord	1	True	True	True	True	True	-1	-1	0	False	False	False
604	2	151.0	78	6	F	1	2.5	0	2	4	1	1	1/8	True	-1	53	78	51	51a	5	151	False	False					False	176		V65/iv	d	i		V65/iv	V		65		iv	Mm7	True	True	(4, 1, -2, 0)	()	0	4	minor	minor	i	i, minor	V/iv	iv	iv/i	iv	True	V65/iv	V65/iv, minor		V65/iv, minor	iv	iv	V7	5	4	2	2	1	2	6	D	F#	D	G	dominant seventh chord	1	True	True	True	True	True	4	4	5	True	False	True
605	1	151.25	57	3	A	0	2.75	0	2	4	2	1	1/16	True	-1	53	78	51	51a	3	605/4	False	False					False	176		V65/iv	d	i		V65/iv	V		65		iv	Mm7	True	True	(4, 1, -2, 0)	()	0	4	minor	minor	i	i, minor	V/iv	iv	iv/i	iv	True	V65/iv	V65/iv, minor		V65/iv, minor	iv	iv	V7	5	4	2	2	1	2	6	D	F#	D	G	dominant seventh chord	1	True	True	True	True	True	1	1	2	True	False	False
606	2	151.5	58	-2	B	-1	1.0	1	2	4	2	1	1/8	True	-1	54	79	52	52a	3	303/2	False	True					False	177		iv6	d	i		iv6	iv		6			m	True	True	(-4, 0, -1)	()	-1	-4	minor	minor	i	i, minor	iv		i	i	True	iv6	iv6, minor		iv6, minor		iv	iv	4		2	2	2	1	-2	G	Bb	D	D	minor triad	1	True	True	True	True	True	-4	-4	-4	True	False	True
606	2	151.5	79	1	G	0	1.0	1	2	4	1	1	1/8	True	-1	54	79	52	52a	5	303/2	False	True					False	177		iv6	d	i		iv6	iv		6			m	True	True	(-4, 0, -1)	()	-1	-4	minor	minor	i	i, minor	iv		i	i	True	iv6	iv6, minor		iv6, minor		iv	iv	4		2	2	2	1	-2	G	Bb	D	D	minor triad	1	True	True	True	True	True	-1	-1	-1	True	True	False
608	1	152.0	67	1	G	0	1.5	0	2	4	2	1	1/16	True	-1	54	79	52	52a	4	152	False	True					False	178		iv	d	i		iv	iv					m	True	True	(-1, -4, 0)	()	-1	-1	minor	minor	i	i, minor	iv		i	i	True	iv	iv, minor		iv, minor		iv	iv	4		2	2	2	1	1	G	G	D	D	minor triad	0	True	True	True	True	True	-1	-1	-1	True	True	True
608	2	152.0	82	-2	B	-1	1.5	0	2	4	1	1	1/8	True	-1	54	79	52	52a	5	152	False	True					False	178		iv	d	i		iv	iv					m	True	True	(-1, -4, 0)	()	-1	-1	minor	minor	i	i, minor	iv		i	i	True	iv	iv, minor		iv, minor		iv	iv	4		2	2	2	1	1	G	G	D	D	minor triad	0	True	True	True	True	True	-4	-4	-4	True	False	False
609	1	152.25	65	-1	F	0	1.75	0	2	4	2	1	1/16	True	-1	54	79	52	52a	4	609/4	False	False					False	178		iv	d	i		iv	iv					m	True	True	(-1, -4, 0)	()	-1	-1	minor	minor	i	i, minor	iv		i	i	True	iv	iv, minor		iv, minor		iv	iv	4		2	2	2	1	1	G	G	D	D	minor triad	0	True	True	True	True	True	-3	-3	-3	False	False	False
610	1	152.5	67	1	G	0	2.0	2	2	4	2	1	1/16	True	-1	54	79	52	52a	4	305/2	False	False					False	178		iv	d	i		iv	iv					m	True	True	(-1, -4, 0)	()	-1	-1	minor	minor	i	i, minor	iv		i	i	True	iv	iv, minor		iv, minor		iv	iv	4		2	2	2	1	1	G	G	D	D	minor triad	0	True	True	True	True	True	-1	-1	-1	True	True	True
610	2	152.5	82	-2	B	-1	2.0	2	2	4	1	1	1/8	True	-1	54	79	52	52a	5	305/2	False	False					False	178		iv	d	i		iv	iv					m	True	True	(-1, -4, 0)	()	-1	-1	minor	minor	i	i, minor	iv		i	i	True	iv	iv, minor		iv, minor		iv	iv	4		2	2	2	1	1	G	G	D	D	minor triad	0	True	True	True	True	True	-4	-4	-4	True	False	False
611	1	152.75	65	-1	F	0	2.25	0	2	4	2	1	1/16	True	-1	54	79	52	52a	4	611/4	False	False					False	178		iv	d	i		iv	iv					m	True	True	(-1, -4, 0)	()	-1	-1	minor	minor	i	i, minor	iv		i	i	True	iv	iv, minor		iv, minor		iv	iv	4		2	2	2	1	1	G	G	D	D	minor triad	0	True	True	True	True	True	-3	-3	-3	False	False	False
612	1	153.0	64	4	E	0	2.5	0	2	4	2	1	1/16	True	-1	54	79	52	52a	4	153	False	False					False	178		iv	d	i		iv	iv					m	True	True	(-1, -4, 0)	()	-1	-1	minor	minor	i	i, minor	iv		i	i	True	iv	iv, minor		iv, minor		iv	iv	4		2	2	2	1	1	G	G	D	D	minor triad	0	True	True	True	True	True	2	2	2	False	False	False
612	2	153.0	77	-1	F	0	2.5	0	2	4	1	1	1/8	True	-1	54	79	52	52a	5	153	False	False					False	178		iv	d	i		iv	iv					m	True	True	(-1, -4, 0)	()	-1	-1	minor	minor	i	i, minor	iv		i	i	True	iv	iv, minor		iv, minor		iv	iv	4		2	2	2	1	1	G	G	D	D	minor triad	0	True	True	True	True	True	-3	-3	-3	False	False	False
613	1	153.25	62	2	D	0	2.75	0	2	4	2	1	1/16	True	-1	54	79	52	52a	4	613/4	False	False					False	178		iv	d	i		iv	iv					m	True	True	(-1, -4, 0)	()	-1	-1	minor	minor	i	i, minor	iv		i	i	True	iv	iv, minor		iv, minor		iv	iv	4		2	2	2	1	1	G	G	D	D	minor triad	0	True	True	True	True	True	0	0	0	True	False	False
614	2	153.5	61	7	C	1	1.0	1	2	4	2	1	1/8	True	-1	55	80	53	53a	4	307/2	False	True					False	179		#vii%7	d	i		#vii%7	#vii	%	7			%7	True	True	(5, 2, -1, 3)	()	5	5	minor	minor	i	i, minor	#vii		i	i	True	#vii%7	#vii%7, minor		#vii%7, minor		#vii	vii%7	#7		2	2	2	7	7	C#	C#	D	D	half-diminished seventh chord	7	True	True	True	True	True	5	5	5	True	True	True
614	2	153.5	76	4	E	0	1.0	1	2	4	1	1	1/8	True	-1	55	80	53	53a	5	307/2	False	True					False	179		#vii%7	d	i		#vii%7	#vii	%	7			%7	True	True	(5, 2, -1, 3)	()	5	5	minor	minor	i	i, minor	#vii		i	i	True	#vii%7	#vii%7, minor		#vii%7, minor		#vii	vii%7	#7		2	2	2	7	7	C#	C#	D	D	half-diminished seventh chord	7	True	True	True	True	True	2	2	2	True	False	False
616	1	154.0	65	-1	F	0	1.5	0	2	4	2	1	1/16	True	-1	55	80	53	53a	4	154	False	True					False	180		i6	d	i		i6	i		6			m	True	True	(-3, 1, 0)	()	0	-3	minor	minor	i	i, minor	i		i	i	True	i6	i6, minor		i6, minor		i	i	1		2	2	2	2	-1	D	F	D	D	minor triad	1	True	True	True	True	True	-3	-3	-3	True	False	True
616	2	154.0	81	3	A	0	1.5	0	2	4	1	1	1/8	True	-1	55	80	53	53a	5	154	False	True					False	180		i6	d	i		i6	i		6			m	True	True	(-3, 1, 0)	()	0	-3	minor	minor	i	i, minor	i		i	i	True	i6	i6, minor		i6, minor		i	i	1		2	2	2	2	-1	D	F	D	D	minor triad	1	True	True	True	True	True	1	1	1	True	False	False
617	1	154.25	64	4	E	0	1.75	0	2	4	2	1	1/16	True	-1	55	80	53	53a	4	617/4	False	False					False	180		i6	d	i		i6	i		6			m	True	True	(-3, 1, 0)	()	0	-3	minor	minor	i	i, minor	i		i	i	True	i6	i6, minor		i6, minor		i	i	1		2	2	2	2	-1	D	F	D	D	minor triad	1	True	True	True	True	True	2	2	2	False	False	False
618	1	154.5	65	-1	F	0	2.0	2	2	4	2	1	1/16	True	-1	55	80	53	53a	4	309/2	False	False					False	180		i6	d	i		i6	i		6			m	True	True	(-3, 1, 0)	()	0	-3	minor	minor	i	i, minor	i		i	i	True	i6	i6, minor		i6, minor		i	i	1		2	2	2	2	-1	D	F	D	D	minor triad	1	True	True	True	True	True	-3	-3	-3	True	False	True
618	2	154.5	81	3	A	0	2.0	2	2	4	1	1	1/8	True	-1	55	80	53	53a	5	309/2	False	False					False	180		i6	d	i		i6	i		6			m	True	True	(-3, 1, 0)	()	0	-3	minor	minor	i	i, minor	i		i	i	True	i6	i6, minor		i6, minor		i	i	1		2	2	2	2	-1	D	F	D	D	minor triad	1	True	True	True	True	True	1	1	1	True	False	False
619	1	154.75	64	4	E	0	2.25	0	2	4	2	1	1/16	True	-1	55	80	53	53a	4	619/4	False	False					False	180		i6	d	i		i6	i		6			m	True	True	(-3, 1, 0)	()	0	-3	minor	minor	i	i, minor	i		i	i	True	i6	i6, minor		i6, minor		i	i	1		2	2	2	2	-1	D	F	D	D	minor triad	1	True	True	True	True	True	2	2	2	False	False	False
620	1	155.0	62	2	D	0	2.5	0	2	4	2	1	1/16	True	-1	55	80	53	53a	4	155	False	False					False	180		i6	d	i		i6	i		6			m	True	True	(-3, 1, 0)	()	0	-3	minor	minor	i	i, minor	i		i	i	True	i6	i6, minor		i6, minor		i	i	1		2	2	2	2	-1	D	F	D	D	minor triad	1	True	True	True	True	True	0	0	0	True	True	False
620	2	155.0	76	4	E	0	2.5	0	2	4	1	1	1/8	True	-1	55	80	53	53a	5	155	False	False					False	180		i6	d	i		i6	i		6			m	True	True	(-3, 1, 0)	()	0	-3	minor	minor	i	i, minor	i		i	i	True	i6	i6, minor		i6, minor		i	i	1		2	2	2	2	-1	D	F	D	D	minor triad	1	True	True	True	True	True	2	2	2	False	False	False
621	1	155.25	60	0	C	0	2.75	0	2	4	2	1	1/16	True	-1	55	80	53	53a	4	621/4	False	False					False	180		i6	d	i		i6	i		6			m	True	True	(-3, 1, 0)	()	0	-3	minor	minor	i	i, minor	i		i	i	True	i6	i6, minor		i6, minor		i	i	1		2	2	2	2	-1	D	F	D	D	minor triad	1	True	True	True	True	True	-2	-2	-2	False	False	False
622	2	155.5	59	5	B	0	1.0	1	2	4	2	1	1/8	True	-1	56	81	54	54a	3	311/2	False	True					False	181		#vi%7	d	i		#vi%7	#vi	%	7			%7	True	True	(3, 0, -3, 1)	()	3	3	minor	minor	i	i, minor	#vi		i	i	True	#vi%7	#vi%7, minor		#vi%7, minor		#vi	vi%7	#6		2	2	2	5	5	B	B	D	D	half-diminished seventh chord	7	True	True	True	True	True	3	3	3	True	True	True
622	2	155.5	74	2	D	0	1.0	1	2	4	1	1	1/8	True	-1	56	81	54	54a	5	311/2	False	True					False	181		#vi%7	d	i		#vi%7	#vi	%	7			%7	True	True	(3, 0, -3, 1)	()	3	3	minor	minor	i	i, minor	#vi		i	i	True	#vi%7	#vi%7, minor		#vi%7, minor		#vi	vi%7	#6		2	2	2	5	5	B	B	D	D	half-diminished seventh chord	7	True	True	True	True	True	0	0	0	True	False	False
624	1	156.0	64	4	E	0	1.5	0	2	4	2	1	1/16	True	-1	56	81	54	54a	4	156	False	True					False	182		iio	d	i		iio	ii	o				o	True	True	(2, -1, -4)	()	2	2	minor	minor	i	i, minor	ii		i	i	True	iio	iio, minor		iio, minor		ii	iio	2		2	2	2	4	4	E	E	D	D	diminished triad	0	True	True	True	True	True	2	2	2	True	True	True
624	2	156.0	79	1	G	0	1.5	0	2	4	1	1	1/8	True	-1	56	81	54	54a	5	156	False	True					False	182		iio	d	i		iio	ii	o				o	True	True	(2, -1, -4)	()	2	2	minor	minor	i	i, minor	ii		i	i	True	iio	iio, minor		iio, minor		ii	iio	2		2	2	2	4	4	E	E	D	D	diminished triad	0	True	True	True	True	True	-1	-1	-1	True	False	False
625	1	156.25	62	2	D	0	1.75	0	2	4	2	1	1/16	True	-1	56	81	54	54a	4	625/4	False	False					False	182		iio	d	i		iio	ii	o				o	True	True	(2, -1, -4)	()	2	2	minor	minor	i	i, minor	ii		i	i	True	iio	iio, minor		iio, minor		ii	iio	2		2	2	2	4	4	E	E	D	D	diminished triad	0	True	True	True	True	True	0	0	0	False	False	False
626	1	156.5	64	4	E	0	2.0	2	2	4	2	1	1/16	True	-1	56	81	54	54a	4	313/2	False	False					False	182		iio	d	i		iio	ii	o				o	True	True	(2, -1, -4)	()	2	2	minor	minor	i	i, minor	ii		i	i	True	iio	iio, minor		iio, minor		ii	iio	2		2	2	2	4	4	E	E	D	D	diminished triad	0	True	True	True	True	True	2	2	2	True	True	True
626	2	156.5	79	1	G	0	2.0	2	2	4	1	1	1/8	True	-1	56	81	54	54a	5	313/2	False	False					False	182		iio	d	i		iio	ii	o				o	True	True	(2, -1, -4)	()	2	2	minor	minor	i	i, minor	ii		i	i	True	iio	iio, minor		iio, minor		ii	iio	2		2	2	2	4	4	E	E	D	D	diminished triad	0	True	True	True	True	True	-1	-1	-1	True	False	False
627	1	156.75	62	2	D	0	2.25	0	2	4	2	1	1/16	True	-1	56	81	54	54a	4	627/4	False	False					False	182		iio	d	i		iio	ii	o				o	True	True	(2, -1, -4)	()	2	2	minor	minor	i	i, minor	ii		i	i	True	iio	iio, minor		iio, minor		ii	iio	2		2	2	2	4	4	E	E	D	D	diminished triad	0	True	True	True	True	True	0	0	0	False	False	False
628	1	157.0	61	7	C	1	2.5	0	2	4	2	1	1/16	True	-1	56	81	54	54a	4	157	False	True					False	183		V65	d	i		V65	V		65			Mm7	True	True	(5, 2, -1, 1)	()	1	5	minor	minor	i	i, minor	V		i	i	True	V65	V65, minor		V65, minor		V	V7	5		2	2	2	3	7	A	C#	D	D	dominant seventh chord	1	True	True	True	True	True	5	5	5	True	False	True
628	2	157.0	74	2	D	0	2.5	0	2	4	1	1	1/8	True	-1	56	81	54	54a	5	157	False	True					False	183		V65	d	i		V65	V		65			Mm7	True	True	(5, 2, -1, 1)	()	1	5	minor	minor	i	i, minor	V		i	i	True	V65	V65, minor		V65, minor		V	V7	5		2	2	2	3	7	A	C#	D	D	dominant seventh chord	1	True	True	True	True	True	0	0	0	False	False	False
629	1	157.25	59	5	B	0	2.75	0	2	4	2	1	1/16	True	-1	56	81	54	54a	3	629/4	False	False					False	183		V65	d	i		V65	V		65			Mm7	True	True	(5, 2, -1, 1)	()	1	5	minor	minor	i	i, minor	V		i	i	True	V65	V65, minor		V65, minor		V	V7	5		2	2	2	3	7	A	C#	D	D	dominant seventh chord	1	True	True	True	True	True	3	3	3	False	False	False
630	2	157.5	57	3	A	0	1.0	1	2	4	2	1	1/8	True	-1	57	82	55	55a	3	315/2	False	True					False	184		V7	d	i		V7	V		7			Mm7	True	True	(1, 5, 2, -1)	()	1	1	minor	minor	i	i, minor	V		i	i	True	V7	V7, minor		V7, minor		V	V7	5		2	2	2	3	3	A	A	D	D	dominant seventh chord	7	True	True	True	True	True	1	1	1	True	True	True
630	2	157.5	73	7	C	1	1.0	1	2	4	1	1	1/8	True	-1	57	82	55	55a	5	315/2	False	True					False	184		V7	d	i		V7	V		7			Mm7	True	True	(1, 5, 2, -1)	()	1	1	minor	minor	i	i, minor	V		i	i	True	V7	V7, minor		V7, minor		V	V7	5		2	2	2	3	3	A	A	D	D	dominant seventh chord	7	True	True	True	True	True	5	5	5	True	False	False
632	2	158.0	59	5	B	0	1.5	0	2	4	2	1	1/8	True	-1	57	82	55	55a	3	158	False	True					False	185		#vi%7	d	i		#vi%7	#vi	%	7			%7	True	True	(3, 0, -3, 1)	()	3	3	minor	minor	i	i, minor	#vi		i	i	True	#vi%7	#vi%7, minor		#vi%7, minor		#vi	vi%7	#6		2	2	2	5	5	B	B	D	D	half-diminished seventh chord	7	True	True	True	True	True	3	3	3	True	True	True
632	2	158.0	74	2	D	0	1.5	0	2	4	1	1	1/8	True	-1	57	82	55	55a	5	158	False	True					False	185		#vi%7	d	i		#vi%7	#vi	%	7			%7	True	True	(3, 0, -3, 1)	()	3	3	minor	minor	i	i, minor	#vi		i	i	True	#vi%7	#vi%7, minor		#vi%7, minor		#vi	vi%7	#6		2	2	2	5	5	B	B	D	D	half-diminished seventh chord	7	True	True	True	True	True	0	0	0	True	False	False
634	0	158.5	74	2	D	0	2.0	2	2	4	1	1	0	True	-1	57	82	55	55a	5	317/2	False	True					False	186		V65	d	i		V65	V		65			Mm7	True	True	(5, 2, -1, 1)	()	1	5	minor	minor	i	i, minor	V		i	i	True	V65	V65, minor		V65, minor		V	V7	5		2	2	2	3	7	A	C#	D	D	dominant seventh chord	1	True	True	True	True	True	0	0	0	False	False	False
634	2	158.5	61	7	C	1	2.0	2	2	4	2	1	1/8	True	-1	57	82	55	55a	4	317/2	False	True					False	186		V65	d	i		V65	V		65			Mm7	True	True	(5, 2, -1, 1)	()	1	5	minor	minor	i	i, minor	V		i	i	True	V65	V65, minor		V65, minor		V	V7	5		2	2	2	3	7	A	C#	D	D	dominant seventh chord	1	True	True	True	True	True	5	5	5	True	False	True
634	3	158.5	76	4	E	0	2.0	2	2	4	1	1	3/16	True	-1	57	82	55	55a	5	317/2	False	True					False	186		V65	d	i		V65	V		65			Mm7	True	True	(5, 2, -1, 1)	()	1	5	minor	minor	i	i, minor	V		i	i	True	V65	V65, minor		V65, minor		V	V7	5		2	2	2	3	7	A	C#	D	D	dominant seventh chord	1	True	True	True	True	True	2	2	2	True	False	False
636	2	159.0	62	2	D	0	2.5	0	2	4	2	1	1/8	True	-1	57	82	55	55a	4	159	False	False					False	186		V65	d	i		V65	V		65			Mm7	True	True	(5, 2, -1, 1)	()	1	5	minor	minor	i	i, minor	V		i	i	True	V65	V65, minor		V65, minor		V	V7	5		2	2	2	3	7	A	C#	D	D	dominant seventh chord	1	True	True	True	True	True	0	0	0	False	False	False
637	1	159.25	77	-1	F	0	2.75	0	2	4	1	1	1/16	True	-1	57	82	55	55a	5	637/4	False	True					False	187		i	d	i		i	i					m	True	True	(0, -3, 1)	()	0	0	minor	minor	i	i, minor	i		i	i	True	i	i, minor		i, minor		i	i	1		2	2	2	2	2	D	D	D	D	minor triad	0	True	True	True	True	True	-3	-3	-3	True	False	False
638	2	159.5	57	3	A	0	1.0	1	2	4	2	1	1/8	True	-1	58	83	56	56a	3	319/2	False	True	HC.SIM	HC	SIM	}	True	188		V|HC.SIM}	d	i		V	V					M	True	True	(1, 5, 2)	()	1	1	minor	minor	i	i, minor	V		i	i	True	V	V, minor		V, minor		V	V	5		2	2	2	3	3	A	A	D	D	major triad	0	True	True	True	True	True	1	1	1	True	True	True
638	2	159.5	76	4	E	0	1.0	1	2	4	1	1	1/8	True	-1	58	83	56	56a	5	319/2	False	True	HC.SIM	HC	SIM	}	True	188		V|HC.SIM}	d	i		V	V					M	True	True	(1, 5, 2)	()	1	1	minor	minor	i	i, minor	V		i	i	True	V	V, minor		V, minor		V	V	5		2	2	2	3	3	A	A	D	D	major triad	0	True	True	True	True	True	2	2	2	True	False	False
640	2	160.0	62	2	D	0	1.5	0	2	4	2	1	1/8	True	-1	58	83	56	56a	4	160	False	True				{	False	189		i{	d	i		i	i					m	True	True	(0, -3, 1)	()	0	0	minor	minor	i	i, minor	i		i	i	True	i	i, minor		i, minor		i	i	1		2	2	2	2	2	D	D	D	D	minor triad	0	True	True	True	True	True	0	0	0	True	True	True
640	1	160.0	77	-1	F	0	1.5	0	2	4	1	1	1/16	True	-1	58	83	56	56a	5	160	False	True				{	False	189		i{	d	i		i	i					m	True	True	(0, -3, 1)	()	0	0	minor	minor	i	i, minor	i		i	i	True	i	i, minor		i, minor		i	i	1		2	2	2	2	2	D	D	D	D	minor triad	0	True	True	True	True	True	-3	-3	-3	True	False	False
641	1	160.25	76	4	E	0	1.75	0	2	4	1	1	1/16	True	-1	58	83	56	56a	5	641/4	False	False					False	189		i{	d	i		i	i					m	True	True	(0, -3, 1)	()	0	0	minor	minor	i	i, minor	i		i	i	True	i	i, minor		i, minor		i	i	1		2	2	2	2	2	D	D	D	D	minor triad	0	True	True	True	True	True	2	2	2	False	False	False
642	2	160.5	62	2	D	0	2.0	2	2	4	2	1	1/8	True	-1	58	83	56	56a	4	321/2	False	False					False	189		i{	d	i		i	i					m	True	True	(0, -3, 1)	()	0	0	minor	minor	i	i, minor	i		i	i	True	i	i, minor		i, minor		i	i	1		2	2	2	2	2	D	D	D	D	minor triad	0	True	True	True	True	True	0	0	0	True	True	True
642	1	160.5	77	-1	F	0	2.0	2	2	4	1	1	1/16	True	-1	58	83	56	56a	5	321/2	False	False					False	189		i{	d	i		i	i					m	True	True	(0, -3, 1)	()	0	0	minor	minor	i	i, minor	i		i	i	True	i	i, minor		i, minor		i	i	1		2	2	2	2	2	D	D	D	D	minor triad	0	True	True	True	True	True	-3	-3	-3	True	False	False
643	1	160.75	76	4	E	0	2.25	0	2	4	1	1	1/16	True	-1	58	83	56	56a	5	643/4	False	False					False	189		i{	d	i		i	i					m	True	True	(0, -3, 1)	()	0	0	minor	minor	i	i, minor	i		i	i	True	i	i, minor		i, minor		i	i	1		2	2	2	2	2	D	D	D	D	minor triad	0	True	True	True	True	True	2	2	2	False	False	False
644	2	161.0	57	3	A	0	2.5	0	2	4	2	1	1/8	True	-1	58	83	56	56a	3	161	False	True					False	190		i64	d	i		i64	i		64			m	True	True	(1, 0, -3)	()	0	1	minor	minor	i	i, minor	i		i	i	True	i64	i64, minor		i64, minor		i	i	1		2	2	2	2	3	D	A	D	D	minor triad	2	True	True	True	True	True	1	1	1	True	False	True
644	1	161.0	74	2	D	0	2.5	0	2	4	1	1	1/16	True	-1	58	83	56	56a	5	161	False	True					False	190		i64	d	i		i64	i		64			m	True	True	(1, 0, -3)	()	0	1	minor	minor	i	i, minor	i		i	i	True	i64	i64, minor		i64, minor		i	i	1		2	2	2	2	3	D	A	D	D	minor triad	2	True	True	True	True	True	0	0	0	True	True	False
645	1	161.25	72	0	C	0	2.75	0	2	4	1	1	1/16	True	-1	58	83	56	56a	5	645/4	False	False					False	190		i64	d	i		i64	i		64			m	True	True	(1, 0, -3)	()	0	1	minor	minor	i	i, minor	i		i	i	True	i64	i64, minor		i64, minor		i	i	1		2	2	2	2	3	D	A	D	D	minor triad	2	True	True	True	True	True	-2	-2	-2	False	False	False
646	2	161.5	55	1	G	0	1.0	1	2	4	2	1	1/8	True	-1	59	84	57	57a	3	323/2	False	True					False	191		IV7	d	i		IV7	IV		7			Mm7	True	True	(-1, 3, 0, -3)	()	-1	-1	minor	minor	i	i, minor	IV		i	i	True	IV7	IV7, minor		IV7, minor		IV	IV7	4		2	2	2	1	1	G	G	D	D	dominant seventh chord	7	True	True	True	True	True	-1	-1	-1	True	True	True
646	2	161.5	71	5	B	0	1.0	1	2	4	1	1	1/8	True	-1	59	84	57	57a	4	323/2	False	True					False	191		IV7	d	i		IV7	IV		7			Mm7	True	True	(-1, 3, 0, -3)	()	-1	-1	minor	minor	i	i, minor	IV		i	i	True	IV7	IV7, minor		IV7, minor		IV	IV7	4		2	2	2	1	1	G	G	D	D	dominant seventh chord	7	True	True	True	True	True	3	3	3	True	False	False
648	2	162.0	61	7	C	1	1.5	0	2	4	2	1	1/8	True	-1	59	84	57	57a	4	162	False	True					False	192		V65	d	i		V65	V		65			Mm7	True	True	(5, 2, -1, 1)	()	1	5	minor	minor	i	i, minor	V		i	i	True	V65	V65, minor		V65, minor		V	V7	5		2	2	2	3	7	A	C#	D	D	dominant seventh chord	1	True	True	True	True	True	5	5	5	True	False	True
648	1	162.0	76	4	E	0	1.5	0	2	4	1	1	1/16	True	-1	59	84	57	57a	5	162	False	True					False	192		V65	d	i		V65	V		65			Mm7	True	True	(5, 2, -1, 1)	()	1	5	minor	minor	i	i, minor	V		i	i	True	V65	V65, minor		V65, minor		V	V7	5		2	2	2	3	7	A	C#	D	D	dominant seventh chord	1	True	True	True	True	True	2	2	2	True	False	False
649	1	162.25	74	2	D	0	1.75	0	2	4	1	1	1/16	True	-1	59	84	57	57a	5	649/4	False	False					False	192		V65	d	i		V65	V		65			Mm7	True	True	(5, 2, -1, 1)	()	1	5	minor	minor	i	i, minor	V		i	i	True	V65	V65, minor		V65, minor		V	V7	5		2	2	2	3	7	A	C#	D	D	dominant seventh chord	1	True	True	True	True	True	0	0	0	False	False	False
650	2	162.5	61	7	C	1	2.0	2	2	4	2	1	1/8	True	-1	59	84	57	57a	4	325/2	False	False					False	192		V65	d	i		V65	V		65			Mm7	True	True	(5, 2, -1, 1)	()	1	5	minor	minor	i	i, minor	V		i	i	True	V65	V65, minor		V65, minor		V	V7	5		2	2	2	3	7	A	C#	D	D	dominant seventh chord	1	True	True	True	True	True	5	5	5	True	False	True
650	1	162.5	76	4	E	0	2.0	2	2	4	1	1	1/16	True	-1	59	84	57	57a	5	325/2	False	False					False	192		V65	d	i		V65	V		65			Mm7	True	True	(5, 2, -1, 1)	()	1	5	minor	minor	i	i, minor	V		i	i	True	V65	V65, minor		V65, minor		V	V7	5		2	2	2	3	7	A	C#	D	D	dominant seventh chord	1	True	True	True	True	True	2	2	2	True	False	False
651	1	162.75	74	2	D	0	2.25	0	2	4	1	1	1/16	True	-1	59	84	57	57a	5	651/4	False	False					False	192		V65	d	i		V65	V		65			Mm7	True	True	(5, 2, -1, 1)	()	1	5	minor	minor	i	i, minor	V		i	i	True	V65	V65, minor		V65, minor		V	V7	5		2	2	2	3	7	A	C#	D	D	dominant seventh chord	1	True	True	True	True	True	0	0	0	False	False	False
652	2	163.0	55	1	G	0	2.5	0	2	4	2	1	1/8	True	-1	59	84	57	57a	3	163	False	True					False	193		V2	d	i		V2	V		2			Mm7	True	True	(-1, 1, 5, 2)	()	1	-1	minor	minor	i	i, minor	V		i	i	True	V2	V2, minor		V2, minor		V	V7	5		2	2	2	3	1	A	G	D	D	dominant seventh chord	3	True	True	True	True	True	-1	-1	-1	True	False	True
652	1	163.0	73	7	C	1	2.5	0	2	4	1	1	1/16	True	-1	59	84	57	57a	5	163	False	True					False	193		V2	d	i		V2	V		2			Mm7	True	True	(-1, 1, 5, 2)	()	1	-1	minor	minor	i	i, minor	V		i	i	True	V2	V2, minor		V2, minor		V	V7	5		2	2	2	3	1	A	G	D	D	dominant seventh chord	3	True	True	True	True	True	5	5	5	True	False	False
653	1	163.25	71	5	B	0	2.75	0	2	4	1	1	1/16	True	-1	59	84	57	57a	4	653/4	False	False					False	193		V2	d	i		V2	V		2			Mm7	True	True	(-1, 1, 5, 2)	()	1	-1	minor	minor	i	i, minor	V		i	i	True	V2	V2, minor		V2, minor		V	V7	5		2	2	2	3	1	A	G	D	D	dominant seventh chord	3	True	True	True	True	True	3	3	3	False	False	False
654	2	163.5	53	-1	F	0	1.0	1	2	4	2	1	1/8	True	-1	60	85	58	58a	3	327/2	False	True					False	194		i6	d	i		i6	i		6			m	True	True	(-3, 1, 0)	()	0	-3	minor	minor	i	i, minor	i		i	i	True	i6	i6, minor		i6, minor		i	i	1		2	2	2	2	-1	D	F	D	D	minor triad	1	True	True	True	True	True	-3	-3	-3	True	False	True
654	2	163.5	69	3	A	0	1.0	1	2	4	1	1	1/8	True	-1	60	85	58	58a	4	327/2	False	True					False	194		i6	d	i		i6	i		6			m	True	True	(-3, 1, 0)	()	0	-3	minor	minor	i	i, minor	i		i	i	True	i6	i6, minor		i6, minor		i	i	1		2	2	2	2	-1	D	F	D	D	minor triad	1	True	True	True	True	True	1	1	1	True	False	False
656	2	164.0	65	-1	F	0	1.5	0	2	4	2	1	1/8	True	-1	60	85	58	58a	4	164	False	False					False	194		i6	d	i		i6	i		6			m	True	True	(-3, 1, 0)	()	0	-3	minor	minor	i	i, minor	i		i	i	True	i6	i6, minor		i6, minor		i	i	1		2	2	2	2	-1	D	F	D	D	minor triad	1	True	True	True	True	True	-3	-3	-3	True	False	True
656	1	164.0	81	3	A	0	1.5	0	2	4	1	1	1/16	True	-1	60	85	58	58a	5	164	False	False					False	194		i6	d	i		i6	i		6			m	True	True	(-3, 1, 0)	()	0	-3	minor	minor	i	i, minor	i		i	i	True	i6	i6, minor		i6, minor		i	i	1		2	2	2	2	-1	D	F	D	D	minor triad	1	True	True	True	True	True	1	1	1	True	False	False
657	1	164.25	79	1	G	0	1.75	0	2	4	1	1	1/16	True	-1	60	85	58	58a	5	657/4	False	False					False	194		i6	d	i		i6	i		6			m	True	True	(-3, 1, 0)	()	0	-3	minor	minor	i	i, minor	i		i	i	True	i6	i6, minor		i6, minor		i	i	1		2	2	2	2	-1	D	F	D	D	minor triad	1	True	True	True	True	True	-1	-1	-1	False	False	False
658	2	164.5	65	-1	F	0	2.0	2	2	4	2	1	1/8	True	-1	60	85	58	58a	4	329/2	False	False					False	194		i6	d	i		i6	i		6			m	True	True	(-3, 1, 0)	()	0	-3	minor	minor	i	i, minor	i		i	i	True	i6	i6, minor		i6, minor		i	i	1		2	2	2	2	-1	D	F	D	D	minor triad	1	True	True	True	True	True	-3	-3	-3	True	False	True
658	1	164.5	81	3	A	0	2.0	2	2	4	1	1	1/16	True	-1	60	85	58	58a	5	329/2	False	False					False	194		i6	d	i		i6	i		6			m	True	True	(-3, 1, 0)	()	0	-3	minor	minor	i	i, minor	i		i	i	True	i6	i6, minor		i6, minor		i	i	1		2	2	2	2	-1	D	F	D	D	minor triad	1	True	True	True	True	True	1	1	1	True	False	False
659	1	164.75	79	1	G	0	2.25	0	2	4	1	1	1/16	True	-1	60	85	58	58a	5	659/4	False	False					False	194		i6	d	i		i6	i		6			m	True	True	(-3, 1, 0)	()	0	-3	minor	minor	i	i, minor	i		i	i	True	i6	i6, minor		i6, minor		i	i	1		2	2	2	2	-1	D	F	D	D	minor triad	1	True	True	True	True	True	-1	-1	-1	False	False	False
660	2	165.0	60	0	C	0	2.5	0	2	4	2	1	1/8	True	-1	60	85	58	58a	4	165	False	False					False	194		i6	d	i		i6	i		6			m	True	True	(-3, 1, 0)	()	0	-3	minor	minor	i	i, minor	i		i	i	True	i6	i6, minor		i6, minor		i	i	1		2	2	2	2	-1	D	F	D	D	minor triad	1	True	True	True	True	True	-2	-2	-2	False	False	False
660	1	165.0	77	-1	F	0	2.5	0	2	4	1	1	1/16	True	-1	60	85	58	58a	5	165	False	False					False	194		i6	d	i		i6	i		6			m	True	True	(-3, 1, 0)	()	0	-3	minor	minor	i	i, minor	i		i	i	True	i6	i6, minor		i6, minor		i	i	1		2	2	2	2	-1	D	F	D	D	minor triad	1	True	True	True	True	True	-3	-3	-3	True	False	True
661	1	165.25	76	4	E	0	2.75	0	2	4	1	1	1/16	True	-1	60	85	58	58a	5	661/4	False	False					False	194		i6	d	i		i6	i		6			m	True	True	(-3, 1, 0)	()	0	-3	minor	minor	i	i, minor	i		i	i	True	i6	i6, minor		i6, minor		i	i	1		2	2	2	2	-1	D	F	D	D	minor triad	1	True	True	True	True	True	2	2	2	False	False	False
662	2	165.5	59	5	B	0	1.0	1	2	4	2	1	1/8	True	-1	61	86	59	59a	3	331/2	False	True					False	195		#vi%7	d	i		#vi%7	#vi	%	7			%7	True	True	(3, 0, -3, 1)	()	3	3	minor	minor	i	i, minor	#vi		i	i	True	#vi%7	#vi%7, minor		#vi%7, minor		#vi	vi%7	#6		2	2	2	5	5	B	B	D	D	half-diminished seventh chord	7	True	True	True	True	True	3	3	3	True	True	True
662	2	165.5	74	2	D	0	1.0	1	2	4	1	1	1/8	True	-1	61	86	59	59a	5	331/2	False	True					False	195		#vi%7	d	i		#vi%7	#vi	%	7			%7	True	True	(3, 0, -3, 1)	()	3	3	minor	minor	i	i, minor	#vi		i	i	True	#vi%7	#vi%7, minor		#vi%7, minor		#vi	vi%7	#6		2	2	2	5	5	B	B	D	D	half-diminished seventh chord	7	True	True	True	True	True	0	0	0	True	False	False
664	2	166.0	64	4	E	0	1.5	0	2	4	2	1	1/8	True	-1	61	86	59	59a	4	166	False	True					False	196		iio	d	i		iio	ii	o				o	True	True	(2, -1, -4)	()	2	2	minor	minor	i	i, minor	ii		i	i	True	iio	iio, minor		iio, minor		ii	iio	2		2	2	2	4	4	E	E	D	D	diminished triad	0	True	True	True	True	True	2	2	2	True	True	True
664	1	166.0	79	1	G	0	1.5	0	2	4	1	1	1/16	True	-1	61	86	59	59a	5	166	False	True					False	196		iio	d	i		iio	ii	o				o	True	True	(2, -1, -4)	()	2	2	minor	minor	i	i, minor	ii		i	i	True	iio	iio, minor		iio, minor		ii	iio	2		2	2	2	4	4	E	E	D	D	diminished triad	0	True	True	True	True	True	-1	-1	-1	True	False	False
665	1	166.25	77	-1	F	0	1.75	0	2	4	1	1	1/16	True	-1	61	86	59	59a	5	665/4	False	False					False	196		iio	d	i		iio	ii	o				o	True	True	(2, -1, -4)	()	2	2	minor	minor	i	i, minor	ii		i	i	True	iio	iio, minor		iio, minor		ii	iio	2		2	2	2	4	4	E	E	D	D	diminished triad	0	True	True	True	True	True	-3	-3	-3	False	False	False
666	2	166.5	64	4	E	0	2.0	2	2	4	2	1	1/8	True	-1	61	86	59	59a	4	333/2	False	False					False	196		iio	d	i		iio	ii	o				o	True	True	(2, -1, -4)	()	2	2	minor	minor	i	i, minor	ii		i	i	True	iio	iio, minor		iio, minor		ii	iio	2		2	2	2	4	4	E	E	D	D	diminished triad	0	True	True	True	True	True	2	2	2	True	True	True
666	1	166.5	79	1	G	0	2.0	2	2	4	1	1	1/16	True	-1	61	86	59	59a	5	333/2	False	False					False	196		iio	d	i		iio	ii	o				o	True	True	(2, -1, -4)	()	2	2	minor	minor	i	i, minor	ii		i	i	True	iio	iio, minor		iio, minor		ii	iio	2		2	2	2	4	4	E	E	D	D	diminished triad	0	True	True	True	True	True	-1	-1	-1	True	False	False
667	1	166.75	77	-1	F	0	2.25	0	2	4	1	1	1/16	True	-1	61	86	59	59a	5	667/4	False	False					False	196		iio	d	i		iio	ii	o				o	True	True	(2, -1, -4)	()	2	2	minor	minor	i	i, minor	ii		i	i	True	iio	iio, minor		iio, minor		ii	iio	2		2	2	2	4	4	E	E	D	D	diminished triad	0	True	True	True	True	True	-3	-3	-3	False	False	False
668	2	167.0	58	-2	B	-1	2.5	0	2	4	2	1	1/8	True	-1	61	86	59	59a	3	167	False	True					False	197		ii%43	d	i		ii%43	ii	%	43			%7	True	True	(-4, 0, 2, -1)	()	2	-4	minor	minor	i	i, minor	ii		i	i	True	ii%43	ii%43, minor		ii%43, minor		ii	ii%7	2		2	2	2	4	-2	E	Bb	D	D	half-diminished seventh chord	2	True	True	True	True	True	-4	-4	-4	True	False	True
668	1	167.0	76	4	E	0	2.5	0	2	4	1	1	1/16	True	-1	61	86	59	59a	5	167	False	True					False	197		ii%43	d	i		ii%43	ii	%	43			%7	True	True	(-4, 0, 2, -1)	()	2	-4	minor	minor	i	i, minor	ii		i	i	True	ii%43	ii%43, minor		ii%43, minor		ii	ii%7	2		2	2	2	4	-2	E	Bb	D	D	half-diminished seventh chord	2	True	True	True	True	True	2	2	2	True	True	False
669	1	167.25	74	2	D	0	2.75	0	2	4	1	1	1/16	True	-1	61	86	59	59a	5	669/4	False	False					False	197		ii%43	d	i		ii%43	ii	%	43			%7	True	True	(-4, 0, 2, -1)	()	2	-4	minor	minor	i	i, minor	ii		i	i	True	ii%43	ii%43, minor		ii%43, minor		ii	ii%7	2		2	2	2	4	-2	E	Bb	D	D	half-diminished seventh chord	2	True	True	True	True	True	0	0	0	True	False	False
670	1	167.5	57	3	A	0	1.0	1	2	4	2	1	1/16	True	-1	62	87	60	60a	3	335/2	False	True					False	198		V	d	i		V	V					M	True	True	(1, 5, 2)	()	1	1	minor	minor	i	i, minor	V		i	i	True	V	V, minor		V, minor		V	V	5		2	2	2	3	3	A	A	D	D	major triad	0	True	True	True	True	True	1	1	1	True	True	True
670	1	167.5	73	7	C	1	1.0	1	2	4	1	1	1/16	True	-1	62	87	60	60a	5	335/2	False	True					False	198		V	d	i		V	V					M	True	True	(1, 5, 2)	()	1	1	minor	minor	i	i, minor	V		i	i	True	V	V, minor		V, minor		V	V	5		2	2	2	3	3	A	A	D	D	major triad	0	True	True	True	True	True	5	5	5	True	False	False
671	1	167.75	58	-2	B	-1	1.25	0	2	4	2	1	1/16	True	-1	62	87	60	60a	3	671/4	False	False					False	198		V	d	i		V	V					M	True	True	(1, 5, 2)	()	1	1	minor	minor	i	i, minor	V		i	i	True	V	V, minor		V, minor		V	V	5		2	2	2	3	3	A	A	D	D	major triad	0	True	True	True	True	True	-4	-4	-4	False	False	False
671	1	167.75	76	4	E	0	1.25	0	2	4	1	1	1/16	True	-1	62	87	60	60a	5	671/4	False	False					False	198		V	d	i		V	V					M	True	True	(1, 5, 2)	()	1	1	minor	minor	i	i, minor	V		i	i	True	V	V, minor		V, minor		V	V	5		2	2	2	3	3	A	A	D	D	major triad	0	True	True	True	True	True	2	2	2	True	False	False
672	1	168.0	57	3	A	0	1.5	0	2	4	2	1	1/16	True	-1	62	87	60	60a	3	168	False	False					False	198		V	d	i		V	V					M	True	True	(1, 5, 2)	()	1	1	minor	minor	i	i, minor	V		i	i	True	V	V, minor		V, minor		V	V	5		2	2	2	3	3	A	A	D	D	major triad	0	True	True	True	True	True	1	1	1	True	True	True
672	1	168.0	77	-1	F	0	1.5	0	2	4	1	1	1/16	True	-1	62	87	60	60a	5	168	False	False					False	198		V	d	i		V	V					M	True	True	(1, 5, 2)	()	1	1	minor	minor	i	i, minor	V		i	i	True	V	V, minor		V, minor		V	V	5		2	2	2	3	3	A	A	D	D	major triad	0	True	True	True	True	True	-3	-3	-3	False	False	False
673	1	168.25	55	1	G	0	1.75	0	2	4	2	1	1/16	True	-1	62	87	60	60a	3	673/4	False	False					False	198		V	d	i		V	V					M	True	True	(1, 5, 2)	()	1	1	minor	minor	i	i, minor	V		i	i	True	V	V, minor		V, minor		V	V	5		2	2	2	3	3	A	A	D	D	major triad	0	True	True	True	True	True	-1	-1	-1	False	False	False
673	1	168.25	79	1	G	0	1.75	0	2	4	1	1	1/16	True	-1	62	87	60	60a	5	673/4	False	False					False	198		V	d	i		V	V					M	True	True	(1, 5, 2)	()	1	1	minor	minor	i	i, minor	V		i	i	True	V	V, minor		V, minor		V	V	5		2	2	2	3	3	A	A	D	D	major triad	0	True	True	True	True	True	-1	-1	-1	False	False	False
674	1	168.5	53	-1	F	0	2.0	2	2	4	2	1	1/16	True	-1	62	87	60	60a	3	337/2	False	True					False	199		i6	d	i		i6	i		6			m	True	True	(-3, 1, 0)	()	0	-3	minor	minor	i	i, minor	i		i	i	True	i6	i6, minor		i6, minor		i	i	1		2	2	2	2	-1	D	F	D	D	minor triad	1	True	True	True	True	True	-3	-3	-3	True	False	True
674	1	168.5	81	3	A	0	2.0	2	2	4	1	1	1/16	True	-1	62	87	60	60a	5	337/2	False	True					False	199		i6	d	i		i6	i		6			m	True	True	(-3, 1, 0)	()	0	-3	minor	minor	i	i, minor	i		i	i	True	i6	i6, minor		i6, minor		i	i	1		2	2	2	2	-1	D	F	D	D	minor triad	1	True	True	True	True	True	1	1	1	True	False	False
675	1	168.75	55	1	G	0	2.25	0	2	4	2	1	1/16	True	-1	62	87	60	60a	3	675/4	False	False					False	199		i6	d	i		i6	i		6			m	True	True	(-3, 1, 0)	()	0	-3	minor	minor	i	i, minor	i		i	i	True	i6	i6, minor		i6, minor		i	i	1		2	2	2	2	-1	D	F	D	D	minor triad	1	True	True	True	True	True	-1	-1	-1	False	False	False
675	1	168.75	69	3	A	0	2.25	0	2	4	1	1	1/16	True	-1	62	87	60	60a	4	675/4	False	False					False	199		i6	d	i		i6	i		6			m	True	True	(-3, 1, 0)	()	0	-3	minor	minor	i	i, minor	i		i	i	True	i6	i6, minor		i6, minor		i	i	1		2	2	2	2	-1	D	F	D	D	minor triad	1	True	True	True	True	True	1	1	1	True	False	False
676	1	169.0	53	-1	F	0	2.5	0	2	4	2	1	1/16	True	-1	62	87	60	60a	3	169	False	False					False	199		i6	d	i		i6	i		6			m	True	True	(-3, 1, 0)	()	0	-3	minor	minor	i	i, minor	i		i	i	True	i6	i6, minor		i6, minor		i	i	1		2	2	2	2	-1	D	F	D	D	minor triad	1	True	True	True	True	True	-3	-3	-3	True	False	True
676	1	169.0	71	5	B	0	2.5	0	2	4	1	1	1/16	True	-1	62	87	60	60a	4	169	False	False					False	199		i6	d	i		i6	i		6			m	True	True	(-3, 1, 0)	()	0	-3	minor	minor	i	i, minor	i		i	i	True	i6	i6, minor		i6, minor		i	i	1		2	2	2	2	-1	D	F	D	D	minor triad	1	True	True	True	True	True	3	3	3	False	False	False
677	1	169.25	52	4	E	0	2.75	0	2	4	2	1	1/16	True	-1	62	87	60	60a	3	677/4	False	False					False	199		i6	d	i		i6	i		6			m	True	True	(-3, 1, 0)	()	0	-3	minor	minor	i	i, minor	i		i	i	True	i6	i6, minor		i6, minor		i	i	1		2	2	2	2	-1	D	F	D	D	minor triad	1	True	True	True	True	True	2	2	2	False	False	False
677	1	169.25	73	7	C	1	2.75	0	2	4	1	1	1/16	True	-1	62	87	60	60a	5	677/4	False	False					False	199		i6	d	i		i6	i		6			m	True	True	(-3, 1, 0)	()	0	-3	minor	minor	i	i, minor	i		i	i	True	i6	i6, minor		i6, minor		i	i	1		2	2	2	2	-1	D	F	D	D	minor triad	1	True	True	True	True	True	5	5	5	False	False	False
678	0	169.5	73	7	C	1	1.0	1	2	4	1	1	0	True	-1	63	88	61	61a	5	339/2	False	True					False	200		i	d	i		i	i					m	True	True	(0, -3, 1)	()	0	0	minor	minor	i	i, minor	i		i	i	True	i	i, minor		i, minor		i	i	1		2	2	2	2	2	D	D	D	D	minor triad	0	True	True	True	True	True	5	5	5	False	False	False
678	2	169.5	50	2	D	0	1.0	1	2	4	2	1	1/8	True	-1	63	88	61	61a	3	339/2	False	True					False	200		i	d	i		i	i					m	True	True	(0, -3, 1)	()	0	0	minor	minor	i	i, minor	i		i	i	True	i	i, minor		i, minor		i	i	1		2	2	2	2	2	D	D	D	D	minor triad	0	True	True	True	True	True	0	0	0	True	True	True
678	3	169.5	74	2	D	0	1.0	1	2	4	1	1	3/16	True	-1	63	88	61	61a	5	339/2	False	True					False	200		i	d	i		i	i					m	True	True	(0, -3, 1)	()	0	0	minor	minor	i	i, minor	i		i	i	True	i	i, minor		i, minor		i	i	1		2	2	2	2	2	D	D	D	D	minor triad	0	True	True	True	True	True	0	0	0	True	True	True
680	2	170.0	55	1	G	0	1.5	0	2	4	2	1	1/8	True	-1	63	88	61	61a	3	170	False	False					False	200		i	d	i		i	i					m	True	True	(0, -3, 1)	()	0	0	minor	minor	i	i, minor	i		i	i	True	i	i, minor		i, minor		i	i	1		2	2	2	2	2	D	D	D	D	minor triad	0	True	True	True	True	True	-1	-1	-1	False	False	False
681	1	170.25	76	4	E	0	1.75	0	2	4	1	1	1/16	True	-1	63	88	61	61a	5	681/4	False	True					False	201		ii%65	d	i		ii%65	ii	%	65			%7	True	True	(-1, -4, 0, 2)	()	2	-1	minor	minor	i	i, minor	ii		i	i	True	ii%65	ii%65, minor		ii%65, minor		ii	ii%7	2		2	2	2	4	1	E	G	D	D	half-diminished seventh chord	1	True	True	True	True	True	2	2	2	True	True	False
682	2	170.5	57	3	A	0	2.0	2	2	4	2	1	1/8	True	-1	63	88	61	61a	3	341/2	False	True					False	202		V	d	i		V	V					M	True	True	(1, 5, 2)	()	1	1	minor	minor	i	i, minor	V		i	i	True	V	V, minor		V, minor		V	V	5		2	2	2	3	3	A	A	D	D	major triad	0	True	True	True	True	True	1	1	1	True	True	True
682	3	170.5	76	4	E	0	2.0	2	2	4	1	1	3/16	True	-1	63	88	61	61a	5	341/2	False	True					False	202		V	d	i		V	V					M	True	True	(1, 5, 2)	()	1	1	minor	minor	i	i, minor	V		i	i	True	V	V, minor		V, minor		V	V	5		2	2	2	3	3	A	A	D	D	major triad	0	True	True	True	True	True	2	2	2	True	False	False
684	2	171.0	45	3	A	0	2.5	0	2	4	2	1	1/8	True	-1	63	88	61	61a	2	171	False	False					False	202		V	d	i		V	V					M	True	True	(1, 5, 2)	()	1	1	minor	minor	i	i, minor	V		i	i	True	V	V, minor		V, minor		V	V	5		2	2	2	3	3	A	A	D	D	major triad	0	True	True	True	True	True	1	1	1	True	True	True
685	1	171.25	74	2	D	0	2.75	0	2	4	1	1	1/16	True	-1	63	88	61	61a	5	685/4	False	True					False	203		V7	d	i		V7	V		7			Mm7	True	True	(1, 5, 2, -1)	()	1	1	minor	minor	i	i, minor	V		i	i	True	V7	V7, minor		V7, minor		V	V7	5		2	2	2	3	3	A	A	D	D	dominant seventh chord	7	True	True	True	True	True	0	0	0	False	False	False
686	2	171.5	50	2	D	0	1.0	1	2	4	2	1	1/8	True	-1	64	89	62	62a	3	343/2	False	True	PAC	PAC		}	True	204	1	i|PAC}	d	i		i	i					m	True	True	(0, -3, 1)	()	0	0	minor	minor	i	i, minor	i		i	i	True	i	i, minor		i, minor		i	i	1		2	2	2	2	2	D	D	D	D	minor triad	0	True	True	True	True	True	0	0	0	True	True	True
686	2	171.5	65	-1	F	0	1.0	1	2	4	1	1	1/8	True	-1	64	89	62	62a	4	343/2	False	True	PAC	PAC		}	True	204	1	i|PAC}	d	i		i	i					m	True	True	(0, -3, 1)	()	0	0	minor	minor	i	i, minor	i		i	i	True	i	i, minor		i, minor		i	i	1		2	2	2	2	2	D	D	D	D	minor triad	0	True	True	True	True	True	-3	-3	-3	True	False	False
686	2	171.5	69	3	A	0	1.0	1	2	4	1	1	1/8	True	-1	64	89	62	62a	4	343/2	False	True	PAC	PAC		}	True	204	1	i|PAC}	d	i		i	i					m	True	True	(0, -3, 1)	()	0	0	minor	minor	i	i, minor	i		i	i	True	i	i, minor		i, minor		i	i	1		2	2	2	2	2	D	D	D	D	minor triad	0	True	True	True	True	True	1	1	1	True	False	False
686	2	171.5	74	2	D	0	1.0	1	2	4	1	1	1/8	True	-1	64	89	62	62a	5	343/2	False	True	PAC	PAC		}	True	204	1	i|PAC}	d	i		i	i					m	True	True	(0, -3, 1)	()	0	0	minor	minor	i	i, minor	i		i	i	True	i	i, minor		i, minor		i	i	1		2	2	2	2	2	D	D	D	D	minor triad	0	True	True	True	True	True	0	0	0	True	True	True
688	1	172.0	57	3	A	0	1.5	0	2	4	2	1	1/16	True	-1	26	90	24	62a	3	172	True	True				{	False	205		i.V{	d	i		V	V					M	True	True	(1, 5, 2)	()	1	1	minor	minor	i	i, minor	V		i	i	True	V	V, minor		V, minor		V	V	5		2	2	2	3	3	A	A	D	D	major triad	0	True	True	True	True	True	1	1	1	True	True	True
688	2	172.0	81	3	A	0	1.5	0	2	4	1	1	1/8	True	-1	26	90	24	62a	5	172	True	True				{	False	205		i.V{	d	i		V	V					M	True	True	(1, 5, 2)	()	1	1	minor	minor	i	i, minor	V		i	i	True	V	V, minor		V, minor		V	V	5		2	2	2	3	3	A	A	D	D	major triad	0	True	True	True	True	True	1	1	1	True	True	True
689	1	172.25	59	5	B	0	1.75	0	2	4	2	1	1/16	True	-1	26	90	24	62a	3	689/4	False	False					False	205		i.V{	d	i		V	V					M	True	True	(1, 5, 2)	()	1	1	minor	minor	i	i, minor	V		i	i	True	V	V, minor		V, minor		V	V	5		2	2	2	3	3	A	A	D	D	major triad	0	True	True	True	True	True	3	3	3	False	False	False
690	1	172.5	61	7	C	1	2.0	2	2	4	2	1	1/16	True	-1	26	90	24	62a	4	345/2	False	True					False	206		V65	d	i		V65	V		65			Mm7	True	True	(5, 2, -1, 1)	()	1	5	minor	minor	i	i, minor	V		i	i	True	V65	V65, minor		V65, minor		V	V7	5		2	2	2	3	7	A	C#	D	D	dominant seventh chord	1	True	True	True	True	True	5	5	5	True	False	True
690	2	172.5	81	3	A	0	2.0	2	2	4	1	1	1/8	True	-1	26	90	24	62a	5	345/2	False	True					False	206		V65	d	i		V65	V		65			Mm7	True	True	(5, 2, -1, 1)	()	1	5	minor	minor	i	i, minor	V		i	i	True	V65	V65, minor		V65, minor		V	V7	5		2	2	2	3	7	A	C#	D	D	dominant seventh chord	1	True	True	True	True	True	1	1	1	True	True	False
691	1	172.75	62	2	D	0	2.25	0	2	4	2	1	1/16	True	-1	26	90	24	62a	4	691/4	False	False					False	206		V65	d	i		V65	V		65			Mm7	True	True	(5, 2, -1, 1)	()	1	5	minor	minor	i	i, minor	V		i	i	True	V65	V65, minor		V65, minor		V	V7	5		2	2	2	3	7	A	C#	D	D	dominant seventh chord	1	True	True	True	True	True	0	0	0	False	False	False
692	1	173.0	59	5	B	0	2.5	0	2	4	2	1	1/16	True	-1	26	90	24	62a	3	173	False	False					False	206		V65	d	i		V65	V		65			Mm7	True	True	(5, 2, -1, 1)	()	1	5	minor	minor	i	i, minor	V		i	i	True	V65	V65, minor		V65, minor		V	V7	5		2	2	2	3	7	A	C#	D	D	dominant seventh chord	1	True	True	True	True	True	3	3	3	False	False	False
692	2	173.0	76	4	E	0	2.5	0	2	4	1	1	1/8	True	-1	26	90	24	62a	5	173	False	False					False	206		V65	d	i		V65	V		65			Mm7	True	True	(5, 2, -1, 1)	()	1	5	minor	minor	i	i, minor	V		i	i	True	V65	V65, minor		V65, minor		V	V7	5		2	2	2	3	7	A	C#	D	D	dominant seventh chord	1	True	True	True	True	True	2	2	2	True	False	False
693	1	173.25	61	7	C	1	2.75	0	2	4	2	1	1/16	True	-1	26	90	24	62a	4	693/4	False	False					False	206		V65	d	i		V65	V		65			Mm7	True	True	(5, 2, -1, 1)	()	1	5	minor	minor	i	i, minor	V		i	i	True	V65	V65, minor		V65, minor		V	V7	5		2	2	2	3	7	A	C#	D	D	dominant seventh chord	1	True	True	True	True	True	5	5	5	True	False	True
694	0	173.5	76	4	E	0	1.0	1	2	4	1	1	0	True	-1	27	91	25	25b	5	347/2	False	True					False	207		i	d	i		i	i					m	True	True	(0, -3, 1)	()	0	0	minor	minor	i	i, minor	i		i	i	True	i	i, minor		i, minor		i	i	1		2	2	2	2	2	D	D	D	D	minor triad	0	True	True	True	True	True	2	2	2	False	False	False
694	1	173.5	62	2	D	0	1.0	1	2	4	2	1	1/16	True	-1	27	91	25	25b	4	347/2	False	True					False	207		i	d	i		i	i					m	True	True	(0, -3, 1)	()	0	0	minor	minor	i	i, minor	i		i	i	True	i	i, minor		i, minor		i	i	1		2	2	2	2	2	D	D	D	D	minor triad	0	True	True	True	True	True	0	0	0	True	True	True
694	2	173.5	77	-1	F	0	1.0	1	2	4	1	1	1/8	True	-1	27	91	25	25b	5	347/2	False	True					False	207		i	d	i		i	i					m	True	True	(0, -3, 1)	()	0	0	minor	minor	i	i, minor	i		i	i	True	i	i, minor		i, minor		i	i	1		2	2	2	2	2	D	D	D	D	minor triad	0	True	True	True	True	True	-3	-3	-3	True	False	False
695	1	173.75	64	4	E	0	1.25	0	2	4	2	1	1/16	True	-1	27	91	25	25b	4	695/4	False	False					False	207		i	d	i		i	i					m	True	True	(0, -3, 1)	()	0	0	minor	minor	i	i, minor	i		i	i	True	i	i, minor		i, minor		i	i	1		2	2	2	2	2	D	D	D	D	minor triad	0	True	True	True	True	True	2	2	2	False	False	False
696	1	174.0	61	7	C	1	1.5	0	2	4	2	1	1/16	True	-1	27	91	25	25b	4	174	False	False					False	207		i	d	i		i	i					m	True	True	(0, -3, 1)	()	0	0	minor	minor	i	i, minor	i		i	i	True	i	i, minor		i, minor		i	i	1		2	2	2	2	2	D	D	D	D	minor triad	0	True	True	True	True	True	5	5	5	False	False	False
696	2	174.0	81	3	A	0	1.5	0	2	4	1	1	1/8	True	-1	27	91	25	25b	5	174	False	False					False	207		i	d	i		i	i					m	True	True	(0, -3, 1)	()	0	0	minor	minor	i	i, minor	i		i	i	True	i	i, minor		i, minor		i	i	1		2	2	2	2	2	D	D	D	D	minor triad	0	True	True	True	True	True	1	1	1	True	False	False
697	1	174.25	62	2	D	0	1.75	0	2	4	2	1	1/16	True	-1	27	91	25	25b	4	697/4	False	False					False	207		i	d	i		i	i					m	True	True	(0, -3, 1)	()	0	0	minor	minor	i	i, minor	i		i	i	True	i	i, minor		i, minor		i	i	1		2	2	2	2	2	D	D	D	D	minor triad	0	True	True	True	True	True	0	0	0	True	True	True
698	1	174.5	64	4	E	0	2.0	2	2	4	2	1	1/16	True	-1	27	91	25	25b	4	349/2	False	True					False	208		V43	d	i		V43	V		43			Mm7	True	True	(2, -1, 1, 5)	()	1	2	minor	minor	i	i, minor	V		i	i	True	V43	V43, minor		V43, minor		V	V7	5		2	2	2	3	4	A	E	D	D	dominant seventh chord	2	True	True	True	True	True	2	2	2	True	False	True
698	2	174.5	81	3	A	0	2.0	2	2	4	1	1	1/8	True	-1	27	91	25	25b	5	349/2	False	True					False	208		V43	d	i		V43	V		43			Mm7	True	True	(2, -1, 1, 5)	()	1	2	minor	minor	i	i, minor	V		i	i	True	V43	V43, minor		V43, minor		V	V7	5		2	2	2	3	4	A	E	D	D	dominant seventh chord	2	True	True	True	True	True	1	1	1	True	True	False
699	1	174.75	65	-1	F	0	2.25	0	2	4	2	1	1/16	True	-1	27	91	25	25b	4	699/4	False	False					False	208		V43	d	i		V43	V		43			Mm7	True	True	(2, -1, 1, 5)	()	1	2	minor	minor	i	i, minor	V		i	i	True	V43	V43, minor		V43, minor		V	V7	5		2	2	2	3	4	A	E	D	D	dominant seventh chord	2	True	True	True	True	True	-3	-3	-3	False	False	False
700	1	175.0	62	2	D	0	2.5	0	2	4	2	1	1/16	True	-1	27	91	25	25b	4	175	False	False					False	208		V43	d	i		V43	V		43			Mm7	True	True	(2, -1, 1, 5)	()	1	2	minor	minor	i	i, minor	V		i	i	True	V43	V43, minor		V43, minor		V	V7	5		2	2	2	3	4	A	E	D	D	dominant seventh chord	2	True	True	True	True	True	0	0	0	False	False	False
700	2	175.0	73	7	C	1	2.5	0	2	4	1	1	1/8	True	-1	27	91	25	25b	5	175	False	False					False	208		V43	d	i		V43	V		43			Mm7	True	True	(2, -1, 1, 5)	()	1	2	minor	minor	i	i, minor	V		i	i	True	V43	V43, minor		V43, minor		V	V7	5		2	2	2	3	4	A	E	D	D	dominant seventh chord	2	True	True	True	True	True	5	5	5	True	False	False
701	1	175.25	64	4	E	0	2.75	0	2	4	2	1	1/16	True	-1	27	91	25	25b	4	701/4	False	False					False	208		V43	d	i		V43	V		43			Mm7	True	True	(2, -1, 1, 5)	()	1	2	minor	minor	i	i, minor	V		i	i	True	V43	V43, minor		V43, minor		V	V7	5		2	2	2	3	4	A	E	D	D	dominant seventh chord	2	True	True	True	True	True	2	2	2	True	False	True
702	0	175.5	73	7	C	1	1.0	1	2	4	1	1	0	True	-1	28	92	26	26b	5	351/2	False	True					False	209		i6	d	i		i6	i		6			m	True	True	(-3, 1, 0)	()	0	-3	minor	minor	i	i, minor	i		i	i	True	i6	i6, minor		i6, minor		i	i	1		2	2	2	2	-1	D	F	D	D	minor triad	1	True	True	True	True	True	5	5	5	False	False	False
702	2	175.5	65	-1	F	0	1.0	1	2	4	2	1	1/8	True	-1	28	92	26	26b	4	351/2	False	True					False	209		i6	d	i		i6	i		6			m	True	True	(-3, 1, 0)	()	0	-3	minor	minor	i	i, minor	i		i	i	True	i6	i6, minor		i6, minor		i	i	1		2	2	2	2	-1	D	F	D	D	minor triad	1	True	True	True	True	True	-3	-3	-3	True	False	True
702	2	175.5	74	2	D	0	1.0	1	2	4	1	1	1/8	True	-1	28	92	26	26b	5	351/2	False	True					False	209		i6	d	i		i6	i		6			m	True	True	(-3, 1, 0)	()	0	-3	minor	minor	i	i, minor	i		i	i	True	i6	i6, minor		i6, minor		i	i	1		2	2	2	2	-1	D	F	D	D	minor triad	1	True	True	True	True	True	0	0	0	True	True	False
704	2	176.0	62	2	D	0	1.5	0	2	4	2	1	1/8	True	-1	28	92	26	26b	4	176	False	True					False	210		i	d	i		i	i					m	True	True	(0, -3, 1)	()	0	0	minor	minor	i	i, minor	i		i	i	True	i	i, minor		i, minor		i	i	1		2	2	2	2	2	D	D	D	D	minor triad	0	True	True	True	True	True	0	0	0	True	True	True
704	1	176.0	74	2	D	0	1.5	0	2	4	1	1	1/16	True	-1	28	92	26	26b	5	176	False	True					False	210		i	d	i		i	i					m	True	True	(0, -3, 1)	()	0	0	minor	minor	i	i, minor	i		i	i	True	i	i, minor		i, minor		i	i	1		2	2	2	2	2	D	D	D	D	minor triad	0	True	True	True	True	True	0	0	0	True	True	True
705	1	176.25	76	4	E	0	1.75	0	2	4	1	1	1/16	True	-1	28	92	26	26b	5	705/4	False	False					False	210		i	d	i		i	i					m	True	True	(0, -3, 1)	()	0	0	minor	minor	i	i, minor	i		i	i	True	i	i, minor		i, minor		i	i	1		2	2	2	2	2	D	D	D	D	minor triad	0	True	True	True	True	True	2	2	2	False	False	False
706	2	176.5	62	2	D	0	2.0	2	2	4	2	1	1/8	True	-1	28	92	26	26b	4	353/2	False	True					False	211		iv.V	d	iv		V	V					M	True	True	(1, 5, 2)	()	1	1	minor	minor	iv	iv, minor	V		iv	iv	True	V	V, minor		V, minor		V	V	5		2	1	1	3	3	A	A	G	G	major triad	0	True	True	True	True	True	0	1	1	True	True	True
706	1	176.5	78	6	F	1	2.0	2	2	4	1	1	1/16	True	-1	28	92	26	26b	5	353/2	False	True					False	211		iv.V	d	iv		V	V					M	True	True	(1, 5, 2)	()	1	1	minor	minor	iv	iv, minor	V		iv	iv	True	V	V, minor		V, minor		V	V	5		2	1	1	3	3	A	A	G	G	major triad	0	True	True	True	True	True	4	5	5	True	False	False
707	1	176.75	79	1	G	0	2.25	0	2	4	1	1	1/16	True	-1	28	92	26	26b	5	707/4	False	False					False	211		iv.V	d	iv		V	V					M	True	True	(1, 5, 2)	()	1	1	minor	minor	iv	iv, minor	V		iv	iv	True	V	V, minor		V, minor		V	V	5		2	1	1	3	3	A	A	G	G	major triad	0	True	True	True	True	True	-1	0	0	False	False	False
708	2	177.0	57	3	A	0	2.5	0	2	4	2	1	1/8	True	-1	28	92	26	26b	3	177	False	True					False	212		V43	d	iv		V43	V		43			Mm7	True	True	(2, -1, 1, 5)	()	1	2	minor	minor	iv	iv, minor	V		iv	iv	True	V43	V43, minor		V43, minor		V	V7	5		2	1	1	3	4	A	E	G	G	dominant seventh chord	2	True	True	True	True	True	1	2	2	True	False	True
708	1	177.0	76	4	E	0	2.5	0	2	4	1	1	1/16	True	-1	28	92	26	26b	5	177	False	True					False	212		V43	d	iv		V43	V		43			Mm7	True	True	(2, -1, 1, 5)	()	1	2	minor	minor	iv	iv, minor	V		iv	iv	True	V43	V43, minor		V43, minor		V	V7	5		2	1	1	3	4	A	E	G	G	dominant seventh chord	2	True	True	True	True	True	2	3	3	False	False	False
709	1	177.25	78	6	F	1	2.75	0	2	4	1	1	1/16	True	-1	28	92	26	26b	5	709/4	False	False					False	212		V43	d	iv		V43	V		43			Mm7	True	True	(2, -1, 1, 5)	()	1	2	minor	minor	iv	iv, minor	V		iv	iv	True	V43	V43, minor		V43, minor		V	V7	5		2	1	1	3	4	A	E	G	G	dominant seventh chord	2	True	True	True	True	True	4	5	5	True	False	False
710	2	177.5	58	-2	B	-1	1.0	1	2	4	2	1	1/8	True	-1	29	93	27	27b	3	355/2	False	True					False	213		i6	d	iv		i6	i		6			m	True	True	(-3, 1, 0)	()	0	-3	minor	minor	iv	iv, minor	i		iv	iv	True	i6	i6, minor		i6, minor		i	i	1		2	1	1	2	-1	D	F	G	G	minor triad	1	True	True	True	True	True	-4	-3	-3	True	False	True
710	1	177.5	79	1	G	0	1.0	1	2	4	1	1	1/16	True	-1	29	93	27	27b	5	355/2	False	True					False	213		i6	d	iv		i6	i		6			m	True	True	(-3, 1, 0)	()	0	-3	minor	minor	iv	iv, minor	i		iv	iv	True	i6	i6, minor		i6, minor		i	i	1		2	1	1	2	-1	D	F	G	G	minor triad	1	True	True	True	True	True	-1	0	0	True	True	False
711	1	177.75	81	3	A	0	1.25	0	2	4	1	1	1/16	True	-1	29	93	27	27b	5	711/4	False	False					False	213		i6	d	iv		i6	i		6			m	True	True	(-3, 1, 0)	()	0	-3	minor	minor	iv	iv, minor	i		iv	iv	True	i6	i6, minor		i6, minor		i	i	1		2	1	1	2	-1	D	F	G	G	minor triad	1	True	True	True	True	True	1	2	2	False	False	False
712	2	178.0	62	2	D	0	1.5	0	2	4	2	1	1/8	True	-1	29	93	27	27b	4	178	False	True					False	214		V	d	iv		V	V					M	True	True	(1, 5, 2)	()	1	1	minor	minor	iv	iv, minor	V		iv	iv	True	V	V, minor		V, minor		V	V	5		2	1	1	3	3	A	A	G	G	major triad	0	True	True	True	True	True	0	1	1	True	True	True
712	1	178.0	78	6	F	1	1.5	0	2	4	1	1	1/16	True	-1	29	93	27	27b	5	178	False	True					False	214		V	d	iv		V	V					M	True	True	(1, 5, 2)	()	1	1	minor	minor	iv	iv, minor	V		iv	iv	True	V	V, minor		V, minor		V	V	5		2	1	1	3	3	A	A	G	G	major triad	0	True	True	True	True	True	4	5	5	True	False	False
713	1	178.25	79	1	G	0	1.75	0	2	4	1	1	1/16	True	-1	29	93	27	27b	5	713/4	False	False					False	214		V	d	iv		V	V					M	True	True	(1, 5, 2)	()	1	1	minor	minor	iv	iv, minor	V		iv	iv	True	V	V, minor		V, minor		V	V	5		2	1	1	3	3	A	A	G	G	major triad	0	True	True	True	True	True	-1	0	0	False	False	False
714	2	178.5	62	2	D	0	2.0	2	2	4	2	1	1/8	True	-1	29	93	27	27b	4	357/2	False	False					False	214		V	d	iv		V	V					M	True	True	(1, 5, 2)	()	1	1	minor	minor	iv	iv, minor	V		iv	iv	True	V	V, minor		V, minor		V	V	5		2	1	1	3	3	A	A	G	G	major triad	0	True	True	True	True	True	0	1	1	True	True	True
714	1	178.5	81	3	A	0	2.0	2	2	4	1	1	1/16	True	-1	29	93	27	27b	5	357/2	False	False					False	214		V	d	iv		V	V					M	True	True	(1, 5, 2)	()	1	1	minor	minor	iv	iv, minor	V		iv	iv	True	V	V, minor		V, minor		V	V	5		2	1	1	3	3	A	A	G	G	major triad	0	True	True	True	True	True	1	2	2	True	False	False
715	1	178.75	82	-2	B	-1	2.25	0	2	4	1	1	1/16	True	-1	29	93	27	27b	5	715/4	False	False					False	214		V	d	iv		V	V					M	True	True	(1, 5, 2)	()	1	1	minor	minor	iv	iv, minor	V		iv	iv	True	V	V, minor		V, minor		V	V	5		2	1	1	3	3	A	A	G	G	major triad	0	True	True	True	True	True	-4	-3	-3	False	False	False
716	2	179.0	54	6	F	1	2.5	0	2	4	2	1	1/8	True	-1	29	93	27	27b	3	179	False	True					False	215		V65	d	iv		V65	V		65			Mm7	True	True	(5, 2, -1, 1)	()	1	5	minor	minor	iv	iv, minor	V		iv	iv	True	V65	V65, minor		V65, minor		V	V7	5		2	1	1	3	7	A	C#	G	G	dominant seventh chord	1	True	True	True	True	True	4	5	5	True	False	True
716	1	179.0	79	1	G	0	2.5	0	2	4	1	1	1/16	True	-1	29	93	27	27b	5	179	False	True					False	215		V65	d	iv		V65	V		65			Mm7	True	True	(5, 2, -1, 1)	()	1	5	minor	minor	iv	iv, minor	V		iv	iv	True	V65	V65, minor		V65, minor		V	V7	5		2	1	1	3	7	A	C#	G	G	dominant seventh chord	1	True	True	True	True	True	-1	0	0	False	False	False
717	1	179.25	81	3	A	0	2.75	0	2	4	1	1	1/16	True	-1	29	93	27	27b	5	717/4	False	False					False	215		V65	d	iv		V65	V		65			Mm7	True	True	(5, 2, -1, 1)	()	1	5	minor	minor	iv	iv, minor	V		iv	iv	True	V65	V65, minor		V65, minor		V	V7	5		2	1	1	3	7	A	C#	G	G	dominant seventh chord	1	True	True	True	True	True	1	2	2	True	False	False
718	0	179.5	81	3	A	0	1.0	1	2	4	1	1	0	True	-1	30	94	28	28b	5	359/2	False	True					False	216		i	d	iv		i	i					m	True	True	(0, -3, 1)	()	0	0	minor	minor	iv	iv, minor	i		iv	iv	True	i	i, minor		i, minor		i	i	1		2	1	1	2	2	D	D	G	G	minor triad	0	True	True	True	True	True	1	2	2	False	False	False
718	2	179.5	55	1	G	0	1.0	1	2	4	2	1	1/8	True	-1	30	94	28	28b	3	359/2	False	True					False	216		i	d	iv		i	i					m	True	True	(0, -3, 1)	()	0	0	minor	minor	iv	iv, minor	i		iv	iv	True	i	i, minor		i, minor		i	i	1		2	1	1	2	2	D	D	G	G	minor triad	0	True	True	True	True	True	-1	0	0	True	True	True
718	2	179.5	82	-2	B	-1	1.0	1	2	4	1	1	1/8	True	-1	30	94	28	28b	5	359/2	False	True					False	216		i	d	iv		i	i					m	True	True	(0, -3, 1)	()	0	0	minor	minor	iv	iv, minor	i		iv	iv	True	i	i, minor		i, minor		i	i	1		2	1	1	2	2	D	D	G	G	minor triad	0	True	True	True	True	True	-4	-3	-3	True	False	False
720	1	180.0	60	0	C	0	1.5	0	2	4	2	1	1/16	True	-1	30	94	28	28b	4	180	False	True					False	217		iv	d	iv		iv	iv					m	True	True	(-1, -4, 0)	()	-1	-1	minor	minor	iv	iv, minor	iv		iv	iv	True	iv	iv, minor		iv, minor		iv	iv	4		2	1	1	1	1	G	G	G	G	minor triad	0	True	True	True	True	True	-2	-1	-1	True	True	True
720	2	180.0	75	-3	E	-1	1.5	0	2	4	1	1	1/8	True	-1	30	94	28	28b	5	180	False	True					False	217		iv	d	iv		iv	iv					m	True	True	(-1, -4, 0)	()	-1	-1	minor	minor	iv	iv, minor	iv		iv	iv	True	iv	iv, minor		iv, minor		iv	iv	4		2	1	1	1	1	G	G	G	G	minor triad	0	True	True	True	True	True	-5	-4	-4	True	False	False
721	1	180.25	58	-2	B	-1	1.75	0	2	4	2	1	1/16	True	-1	30	94	28	28b	3	721/4	False	False					False	217		iv	d	iv		iv	iv					m	True	True	(-1, -4, 0)	()	-1	-1	minor	minor	iv	iv, minor	iv		iv	iv	True	iv	iv, minor		iv, minor		iv	iv	4		2	1	1	1	1	G	G	G	G	minor triad	0	True	True	True	True	True	-4	-3	-3	False	False	False
722	1	180.5	60	0	C	0	2.0	2	2	4	2	1	1/16	True	-1	30	94	28	28b	4	361/2	False	False					False	217		iv	d	iv		iv	iv					m	True	True	(-1, -4, 0)	()	-1	-1	minor	minor	iv	iv, minor	iv		iv	iv	True	iv	iv, minor		iv, minor		iv	iv	4		2	1	1	1	1	G	G	G	G	minor triad	0	True	True	True	True	True	-2	-1	-1	True	True	True
722	2	180.5	75	-3	E	-1	2.0	2	2	4	1	1	1/8	True	-1	30	94	28	28b	5	361/2	False	False					False	217		iv	d	iv		iv	iv					m	True	True	(-1, -4, 0)	()	-1	-1	minor	minor	iv	iv, minor	iv		iv	iv	True	iv	iv, minor		iv, minor		iv	iv	4		2	1	1	1	1	G	G	G	G	minor triad	0	True	True	True	True	True	-5	-4	-4	True	False	False
723	1	180.75	58	-2	B	-1	2.25	0	2	4	2	1	1/16	True	-1	30	94	28	28b	3	723/4	False	False					False	217		iv	d	iv		iv	iv					m	True	True	(-1, -4, 0)	()	-1	-1	minor	minor	iv	iv, minor	iv		iv	iv	True	iv	iv, minor		iv, minor		iv	iv	4		2	1	1	1	1	G	G	G	G	minor triad	0	True	True	True	True	True	-4	-3	-3	False	False	False
724	1	181.0	57	3	A	0	2.5	0	2	4	2	1	1/16	True	-1	30	94	28	28b	3	181	False	False					False	217		iv	d	iv		iv	iv					m	True	True	(-1, -4, 0)	()	-1	-1	minor	minor	iv	iv, minor	iv		iv	iv	True	iv	iv, minor		iv, minor		iv	iv	4		2	1	1	1	1	G	G	G	G	minor triad	0	True	True	True	True	True	1	2	2	False	False	False
724	2	181.0	70	-2	B	-1	2.5	0	2	4	1	1	1/8	True	-1	30	94	28	28b	4	181	False	False					False	217		iv	d	iv		iv	iv					m	True	True	(-1, -4, 0)	()	-1	-1	minor	minor	iv	iv, minor	iv		iv	iv	True	iv	iv, minor		iv, minor		iv	iv	4		2	1	1	1	1	G	G	G	G	minor triad	0	True	True	True	True	True	-4	-3	-3	False	False	False
725	1	181.25	55	1	G	0	2.75	0	2	4	2	1	1/16	True	-1	30	94	28	28b	3	725/4	False	False					False	217		iv	d	iv		iv	iv					m	True	True	(-1, -4, 0)	()	-1	-1	minor	minor	iv	iv, minor	iv		iv	iv	True	iv	iv, minor		iv, minor		iv	iv	4		2	1	1	1	1	G	G	G	G	minor triad	0	True	True	True	True	True	-1	0	0	True	False	False
726	2	181.5	54	6	F	1	1.0	1	2	4	2	1	1/8	True	-1	31	95	29	29b	3	363/2	False	True					False	218		#viio7	d	iv		#viio7	#vii	o	7			o7	True	True	(5, 2, -1, -4)	()	5	5	minor	minor	iv	iv, minor	#vii		iv	iv	True	#viio7	#viio7, minor		#viio7, minor		#vii	viio7	#7		2	1	1	7	7	C#	C#	G	G	diminished seventh chord	7	True	True	True	True	True	4	5	5	True	True	True
726	2	181.5	69	3	A	0	1.0	1	2	4	1	1	1/8	True	-1	31	95	29	29b	4	363/2	False	True					False	218		#viio7	d	iv		#viio7	#vii	o	7			o7	True	True	(5, 2, -1, -4)	()	5	5	minor	minor	iv	iv, minor	#vii		iv	iv	True	#viio7	#viio7, minor		#viio7, minor		#vii	viio7	#7		2	1	1	7	7	C#	C#	G	G	diminished seventh chord	7	True	True	True	True	True	1	2	2	True	False	False
728	1	182.0	58	-2	B	-1	1.5	0	2	4	2	1	1/16	True	-1	31	95	29	29b	3	182	False	True					False	219		i6	d	iv		i6	i		6			m	True	True	(-3, 1, 0)	()	0	-3	minor	minor	iv	iv, minor	i		iv	iv	True	i6	i6, minor		i6, minor		i	i	1		2	1	1	2	-1	D	F	G	G	minor triad	1	True	True	True	True	True	-4	-3	-3	True	False	True
728	2	182.0	74	2	D	0	1.5	0	2	4	1	1	1/8	True	-1	31	95	29	29b	5	182	False	True					False	219		i6	d	iv		i6	i		6			m	True	True	(-3, 1, 0)	()	0	-3	minor	minor	iv	iv, minor	i		iv	iv	True	i6	i6, minor		i6, minor		i	i	1		2	1	1	2	-1	D	F	G	G	minor triad	1	True	True	True	True	True	0	1	1	True	False	False
729	1	182.25	57	3	A	0	1.75	0	2	4	2	1	1/16	True	-1	31	95	29	29b	3	729/4	False	False					False	219		i6	d	iv		i6	i		6			m	True	True	(-3, 1, 0)	()	0	-3	minor	minor	iv	iv, minor	i		iv	iv	True	i6	i6, minor		i6, minor		i	i	1		2	1	1	2	-1	D	F	G	G	minor triad	1	True	True	True	True	True	1	2	2	False	False	False
730	1	182.5	58	-2	B	-1	2.0	2	2	4	2	1	1/16	True	-1	31	95	29	29b	3	365/2	False	False					False	219		i6	d	iv		i6	i		6			m	True	True	(-3, 1, 0)	()	0	-3	minor	minor	iv	iv, minor	i		iv	iv	True	i6	i6, minor		i6, minor		i	i	1		2	1	1	2	-1	D	F	G	G	minor triad	1	True	True	True	True	True	-4	-3	-3	True	False	True
730	2	182.5	74	2	D	0	2.0	2	2	4	1	1	1/8	True	-1	31	95	29	29b	5	365/2	False	False					False	219		i6	d	iv		i6	i		6			m	True	True	(-3, 1, 0)	()	0	-3	minor	minor	iv	iv, minor	i		iv	iv	True	i6	i6, minor		i6, minor		i	i	1		2	1	1	2	-1	D	F	G	G	minor triad	1	True	True	True	True	True	0	1	1	True	False	False
731	1	182.75	57	3	A	0	2.25	0	2	4	2	1	1/16	True	-1	31	95	29	29b	3	731/4	False	False					False	219		i6	d	iv		i6	i		6			m	True	True	(-3, 1, 0)	()	0	-3	minor	minor	iv	iv, minor	i		iv	iv	True	i6	i6, minor		i6, minor		i	i	1		2	1	1	2	-1	D	F	G	G	minor triad	1	True	True	True	True	True	1	2	2	False	False	False
732	1	183.0	55	1	G	0	2.5	0	2	4	2	1	1/16	True	-1	31	95	29	29b	3	183	False	False					False	219		i6	d	iv		i6	i		6			m	True	True	(-3, 1, 0)	()	0	-3	minor	minor	iv	iv, minor	i		iv	iv	True	i6	i6, minor		i6, minor		i	i	1		2	1	1	2	-1	D	F	G	G	minor triad	1	True	True	True	True	True	-1	0	0	True	True	False
732	2	183.0	69	3	A	0	2.5	0	2	4	1	1	1/8	True	-1	31	95	29	29b	4	183	False	False					False	219		i6	d	iv		i6	i		6			m	True	True	(-3, 1, 0)	()	0	-3	minor	minor	iv	iv, minor	i		iv	iv	True	i6	i6, minor		i6, minor		i	i	1		2	1	1	2	-1	D	F	G	G	minor triad	1	True	True	True	True	True	1	2	2	False	False	False
733	1	183.25	53	-1	F	0	2.75	0	2	4	2	1	1/16	True	-1	31	95	29	29b	3	733/4	False	False					False	219		i6	d	iv		i6	i		6			m	True	True	(-3, 1, 0)	()	0	-3	minor	minor	iv	iv, minor	i		iv	iv	True	i6	i6, minor		i6, minor		i	i	1		2	1	1	2	-1	D	F	G	G	minor triad	1	True	True	True	True	True	-3	-2	-2	False	False	False
734	2	183.5	52	4	E	0	1.0	1	2	4	2	1	1/8	True	-1	32	96	30	30b	3	367/2	False	True					False	220		#vi%7	d	iv		#vi%7	#vi	%	7			%7	True	True	(3, 0, -3, 1)	()	3	3	minor	minor	iv	iv, minor	#vi		iv	iv	True	#vi%7	#vi%7, minor		#vi%7, minor		#vi	vi%7	#6		2	1	1	5	5	B	B	G	G	half-diminished seventh chord	7	True	True	True	True	True	2	3	3	True	True	True
734	2	183.5	67	1	G	0	1.0	1	2	4	1	1	1/8	True	-1	32	96	30	30b	4	367/2	False	True					False	220		#vi%7	d	iv		#vi%7	#vi	%	7			%7	True	True	(3, 0, -3, 1)	()	3	3	minor	minor	iv	iv, minor	#vi		iv	iv	True	#vi%7	#vi%7, minor		#vi%7, minor		#vi	vi%7	#6		2	1	1	5	5	B	B	G	G	half-diminished seventh chord	7	True	True	True	True	True	-1	0	0	True	False	False
736	1	184.0	57	3	A	0	1.5	0	2	4	2	1	1/16	True	-1	32	96	30	30b	3	184	False	True					False	221		iio	d	iv		iio	ii	o				o	True	True	(2, -1, -4)	()	2	2	minor	minor	iv	iv, minor	ii		iv	iv	True	iio	iio, minor		iio, minor		ii	iio	2		2	1	1	4	4	E	E	G	G	diminished triad	0	True	True	True	True	True	1	2	2	True	True	True
736	2	184.0	72	0	C	0	1.5	0	2	4	1	1	1/8	True	-1	32	96	30	30b	5	184	False	True					False	221		iio	d	iv		iio	ii	o				o	True	True	(2, -1, -4)	()	2	2	minor	minor	iv	iv, minor	ii		iv	iv	True	iio	iio, minor		iio, minor		ii	iio	2		2	1	1	4	4	E	E	G	G	diminished triad	0	True	True	True	True	True	-2	-1	-1	True	False	False
737	1	184.25	55	1	G	0	1.75	0	2	4	2	1	1/16	True	-1	32	96	30	30b	3	737/4	False	False					False	221		iio	d	iv		iio	ii	o				o	True	True	(2, -1, -4)	()	2	2	minor	minor	iv	iv, minor	ii		iv	iv	True	iio	iio, minor		iio, minor		ii	iio	2		2	1	1	4	4	E	E	G	G	diminished triad	0	True	True	True	True	True	-1	0	0	False	False	False
738	1	184.5	57	3	A	0	2.0	2	2	4	2	1	1/16	True	-1	32	96	30	30b	3	369/2	False	False					False	221		iio	d	iv		iio	ii	o				o	True	True	(2, -1, -4)	()	2	2	minor	minor	iv	iv, minor	ii		iv	iv	True	iio	iio, minor		iio, minor		ii	iio	2		2	1	1	4	4	E	E	G	G	diminished triad	0	True	True	True	True	True	1	2	2	True	True	True
738	2	184.5	72	0	C	0	2.0	2	2	4	1	1	1/8	True	-1	32	96	30	30b	5	369/2	False	False					False	221		iio	d	iv		iio	ii	o				o	True	True	(2, -1, -4)	()	2	2	minor	minor	iv	iv, minor	ii		iv	iv	True	iio	iio, minor		iio, minor		ii	iio	2		2	1	1	4	4	E	E	G	G	diminished triad	0	True	True	True	True	True	-2	-1	-1	True	False	False
739	1	184.75	55	1	G	0	2.25	0	2	4	2	1	1/16	True	-1	32	96	30	30b	3	739/4	False	False					False	221		iio	d	iv		iio	ii	o				o	True	True	(2, -1, -4)	()	2	2	minor	minor	iv	iv, minor	ii		iv	iv	True	iio	iio, minor		iio, minor		ii	iio	2		2	1	1	4	4	E	E	G	G	diminished triad	0	True	True	True	True	True	-1	0	0	False	False	False
740	1	185.0	53	-1	F	0	2.5	0	2	4	2	1	1/16	True	-1	32	96	30	30b	3	185	False	False					False	221		iio	d	iv		iio	ii	o				o	True	True	(2, -1, -4)	()	2	2	minor	minor	iv	iv, minor	ii		iv	iv	True	iio	iio, minor		iio, minor		ii	iio	2		2	1	1	4	4	E	E	G	G	diminished triad	0	True	True	True	True	True	-3	-2	-2	False	False	False
740	2	185.0	67	1	G	0	2.5	0	2	4	1	1	1/8	True	-1	32	96	30	30b	4	185	False	False					False	221		iio	d	iv		iio	ii	o				o	True	True	(2, -1, -4)	()	2	2	minor	minor	iv	iv, minor	ii		iv	iv	True	iio	iio, minor		iio, minor		ii	iio	2		2	1	1	4	4	E	E	G	G	diminished triad	0	True	True	True	True	True	-1	0	0	False	False	False
741	1	185.25	51	-3	E	-1	2.75	0	2	4	2	1	1/16	True	-1	32	96	30	30b	3	741/4	False	False					False	221		iio	d	iv		iio	ii	o				o	True	True	(2, -1, -4)	()	2	2	minor	minor	iv	iv, minor	ii		iv	iv	True	iio	iio, minor		iio, minor		ii	iio	2		2	1	1	4	4	E	E	G	G	diminished triad	0	True	True	True	True	True	-5	-4	-4	True	False	False
742	2	185.5	50	2	D	0	1.0	1	2	4	2	1	1/8	True	-1	33	97	31	31b	3	371/2	False	True					False	222		V7	d	iv		V7	V		7			Mm7	True	True	(1, 5, 2, -1)	()	1	1	minor	minor	iv	iv, minor	V		iv	iv	True	V7	V7, minor		V7, minor		V	V7	5		2	1	1	3	3	A	A	G	G	dominant seventh chord	7	True	True	True	True	True	0	1	1	True	True	True
742	2	185.5	66	6	F	1	1.0	1	2	4	1	1	1/8	True	-1	33	97	31	31b	4	371/2	False	True					False	222		V7	d	iv		V7	V		7			Mm7	True	True	(1, 5, 2, -1)	()	1	1	minor	minor	iv	iv, minor	V		iv	iv	True	V7	V7, minor		V7, minor		V	V7	5		2	1	1	3	3	A	A	G	G	dominant seventh chord	7	True	True	True	True	True	4	5	5	True	False	False
744	1	186.0	51	-3	E	-1	1.5	0	2	4	2	1	1/16	True	-1	33	97	31	31b	3	186	False	True					False	223		VI	d	iv		VI	VI					M	True	True	(-4, 0, -3)	()	-4	-4	minor	minor	iv	iv, minor	VI		iv	iv	True	VI	VI, minor		VI, minor		VI	VI	6		2	1	1	-2	-2	Bb	Bb	G	G	major triad	0	True	True	True	True	True	-5	-4	-4	True	True	True
744	1	186.0	67	1	G	0	1.5	0	2	4	1	1	1/16	True	-1	33	97	31	31b	4	186	False	True					False	223		VI	d	iv		VI	VI					M	True	True	(-4, 0, -3)	()	-4	-4	minor	minor	iv	iv, minor	VI		iv	iv	True	VI	VI, minor		VI, minor		VI	VI	6		2	1	1	-2	-2	Bb	Bb	G	G	major triad	0	True	True	True	True	True	-1	0	0	True	False	False
745	1	186.25	48	0	C	0	1.75	0	2	4	2	1	1/16	True	-1	33	97	31	31b	3	745/4	False	True					False	224		ii%65	d	iv		ii%65	ii	%	65			%7	True	True	(-1, -4, 0, 2)	()	2	-1	minor	minor	iv	iv, minor	ii		iv	iv	True	ii%65	ii%65, minor		ii%65, minor		ii	ii%7	2		2	1	1	4	1	E	G	G	G	half-diminished seventh chord	1	True	True	True	True	True	-2	-1	-1	True	False	True
745	1	186.25	69	3	A	0	1.75	0	2	4	1	1	1/16	True	-1	33	97	31	31b	4	745/4	False	True					False	224		ii%65	d	iv		ii%65	ii	%	65			%7	True	True	(-1, -4, 0, 2)	()	2	-1	minor	minor	iv	iv, minor	ii		iv	iv	True	ii%65	ii%65, minor		ii%65, minor		ii	ii%7	2		2	1	1	4	1	E	G	G	G	half-diminished seventh chord	1	True	True	True	True	True	1	2	2	True	True	False
746	2	186.5	50	2	D	0	2.0	2	2	4	2	1	1/8	True	-1	33	97	31	31b	3	373/2	False	True					False	225		V	d	iv		V	V					M	True	True	(1, 5, 2)	()	1	1	minor	minor	iv	iv, minor	V		iv	iv	True	V	V, minor		V, minor		V	V	5		2	1	1	3	3	A	A	G	G	major triad	0	True	True	True	True	True	0	1	1	True	True	True
746	3	186.5	69	3	A	0	2.0	2	2	4	1	1	3/16	True	-1	33	97	31	31b	4	373/2	False	True					False	225		V	d	iv		V	V					M	True	True	(1, 5, 2)	()	1	1	minor	minor	iv	iv, minor	V		iv	iv	True	V	V, minor		V, minor		V	V	5		2	1	1	3	3	A	A	G	G	major triad	0	True	True	True	True	True	1	2	2	True	False	False
748	2	187.0	38	2	D	0	2.5	0	2	4	2	1	1/8	True	-1	33	97	31	31b	2	187	False	False					False	225		V	d	iv		V	V					M	True	True	(1, 5, 2)	()	1	1	minor	minor	iv	iv, minor	V		iv	iv	True	V	V, minor		V, minor		V	V	5		2	1	1	3	3	A	A	G	G	major triad	0	True	True	True	True	True	0	1	1	True	True	True
749	1	187.25	67	1	G	0	2.75	0	2	4	1	1	1/16	True	-1	33	97	31	31b	4	749/4	False	True					False	226		V7	d	iv		V7	V		7			Mm7	True	True	(1, 5, 2, -1)	()	1	1	minor	minor	iv	iv, minor	V		iv	iv	True	V7	V7, minor		V7, minor		V	V7	5		2	1	1	3	3	A	A	G	G	dominant seventh chord	7	True	True	True	True	True	-1	0	0	False	False	False
750	2	187.5	43	1	G	0	1.0	1	2	4	2	1	1/8	True	-1	34	98	32	32b	2	375/2	False	True	PAC	PAC		}	True	227		i|PAC}	d	iv		i	i					m	True	True	(0, -3, 1)	()	0	0	minor	minor	iv	iv, minor	i		iv	iv	True	i	i, minor		i, minor		i	i	1		2	1	1	2	2	D	D	G	G	minor triad	0	True	True	True	True	True	-1	0	0	True	True	True
750	2	187.5	58	-2	B	-1	1.0	1	2	4	1	1	1/8	True	-1	34	98	32	32b	3	375/2	False	True	PAC	PAC		}	True	227		i|PAC}	d	iv		i	i					m	True	True	(0, -3, 1)	()	0	0	minor	minor	iv	iv, minor	i		iv	iv	True	i	i, minor		i, minor		i	i	1		2	1	1	2	2	D	D	G	G	minor triad	0	True	True	True	True	True	-4	-3	-3	True	False	False
750	2	187.5	62	2	D	0	1.0	1	2	4	1	1	1/8	True	-1	34	98	32	32b	4	375/2	False	True	PAC	PAC		}	True	227		i|PAC}	d	iv		i	i					m	True	True	(0, -3, 1)	()	0	0	minor	minor	iv	iv, minor	i		iv	iv	True	i	i, minor		i, minor		i	i	1		2	1	1	2	2	D	D	G	G	minor triad	0	True	True	True	True	True	0	1	1	True	False	False
750	2	187.5	67	1	G	0	1.0	1	2	4	1	1	1/8	True	-1	34	98	32	32b	4	375/2	False	True	PAC	PAC		}	True	227		i|PAC}	d	iv		i	i					m	True	True	(0, -3, 1)	()	0	0	minor	minor	iv	iv, minor	i		iv	iv	True	i	i, minor		i, minor		i	i	1		2	1	1	2	2	D	D	G	G	minor triad	0	True	True	True	True	True	-1	0	0	True	True	True
752	1	188.0	55	1	G	0	1.5	0	2	4	2	1	1/16	True	-1	34	98	32	32b	3	188	False	True				{	False	228		VII.V{	d	VII		V	V					M	True	False	(1, 5, 2)	()	1	1	minor	major	VII	VII, minor	V		VII	VII	False	V	V, major		V, major		V	V	5		2	0	0	3	3	A	A	C	C	major triad	0	True	True	True	True	True	-1	1	1	True	True	True
752	2	188.0	79	1	G	0	1.5	0	2	4	1	1	1/8	True	-1	34	98	32	32b	5	188	False	True				{	False	228		VII.V{	d	VII		V	V					M	True	False	(1, 5, 2)	()	1	1	minor	major	VII	VII, minor	V		VII	VII	False	V	V, major		V, major		V	V	5		2	0	0	3	3	A	A	C	C	major triad	0	True	True	True	True	True	-1	1	1	True	True	True
753	1	188.25	57	3	A	0	1.75	0	2	4	2	1	1/16	True	-1	34	98	32	32b	3	753/4	False	False					False	228		VII.V{	d	VII		V	V					M	True	False	(1, 5, 2)	()	1	1	minor	major	VII	VII, minor	V		VII	VII	False	V	V, major		V, major		V	V	5		2	0	0	3	3	A	A	C	C	major triad	0	True	True	True	True	True	1	3	3	False	False	False
754	1	188.5	59	5	B	0	2.0	2	2	4	2	1	1/16	True	-1	34	98	32	32b	3	377/2	False	True					False	229		V65	d	VII		V65	V		65			Mm7	True	False	(5, 2, -1, 1)	()	1	5	minor	major	VII	VII, minor	V		VII	VII	False	V65	V65, major		V65, major		V	V7	5		2	0	0	3	7	A	C#	C	C	dominant seventh chord	1	True	True	True	True	True	3	5	5	True	False	True
754	2	188.5	79	1	G	0	2.0	2	2	4	1	1	1/8	True	-1	34	98	32	32b	5	377/2	False	True					False	229		V65	d	VII		V65	V		65			Mm7	True	False	(5, 2, -1, 1)	()	1	5	minor	major	VII	VII, minor	V		VII	VII	False	V65	V65, major		V65, major		V	V7	5		2	0	0	3	7	A	C#	C	C	dominant seventh chord	1	True	True	True	True	True	-1	1	1	True	True	False
755	1	188.75	60	0	C	0	2.25	0	2	4	2	1	1/16	True	-1	34	98	32	32b	4	755/4	False	False					False	229		V65	d	VII		V65	V		65			Mm7	True	False	(5, 2, -1, 1)	()	1	5	minor	major	VII	VII, minor	V		VII	VII	False	V65	V65, major		V65, major		V	V7	5		2	0	0	3	7	A	C#	C	C	dominant seventh chord	1	True	True	True	True	True	-2	0	0	False	False	False
756	1	189.0	57	3	A	0	2.5	0	2	4	2	1	1/16	True	-1	34	98	32	32b	3	189	False	False					False	229		V65	d	VII		V65	V		65			Mm7	True	False	(5, 2, -1, 1)	()	1	5	minor	major	VII	VII, minor	V		VII	VII	False	V65	V65, major		V65, major		V	V7	5		2	0	0	3	7	A	C#	C	C	dominant seventh chord	1	True	True	True	True	True	1	3	3	False	False	False
756	2	189.0	74	2	D	0	2.5	0	2	4	1	1	1/8	True	-1	34	98	32	32b	5	189	False	False					False	229		V65	d	VII		V65	V		65			Mm7	True	False	(5, 2, -1, 1)	()	1	5	minor	major	VII	VII, minor	V		VII	VII	False	V65	V65, major		V65, major		V	V7	5		2	0	0	3	7	A	C#	C	C	dominant seventh chord	1	True	True	True	True	True	0	2	2	True	False	False
757	1	189.25	59	5	B	0	2.75	0	2	4	2	1	1/16	True	-1	34	98	32	32b	3	757/4	False	False					False	229		V65	d	VII		V65	V		65			Mm7	True	False	(5, 2, -1, 1)	()	1	5	minor	major	VII	VII, minor	V		VII	VII	False	V65	V65, major		V65, major		V	V7	5		2	0	0	3	7	A	C#	C	C	dominant seventh chord	1	True	True	True	True	True	3	5	5	True	False	True
758	1	189.5	60	0	C	0	1.0	1	2	4	2	1	1/16	True	-1	35	99	33	33b	4	379/2	False	True					False	230		I	d	VII		I	I					M	True	False	(0, 4, 1)	()	0	0	minor	major	VII	VII, minor	I		VII	VII	False	I	I, major		I, major		I	I	1		2	0	0	2	2	D	D	C	C	major triad	0	True	True	True	True	True	-2	0	0	True	True	True
758	2	189.5	76	4	E	0	1.0	1	2	4	1	1	1/8	True	-1	35	99	33	33b	5	379/2	False	True					False	230		I	d	VII		I	I					M	True	False	(0, 4, 1)	()	0	0	minor	major	VII	VII, minor	I		VII	VII	False	I	I, major		I, major		I	I	1		2	0	0	2	2	D	D	C	C	major triad	0	True	True	True	True	True	2	4	4	True	False	False
759	1	189.75	62	2	D	0	1.25	0	2	4	2	1	1/16	True	-1	35	99	33	33b	4	759/4	False	False					False	230		I	d	VII		I	I					M	True	False	(0, 4, 1)	()	0	0	minor	major	VII	VII, minor	I		VII	VII	False	I	I, major		I, major		I	I	1		2	0	0	2	2	D	D	C	C	major triad	0	True	True	True	True	True	0	2	2	False	False	False
760	1	190.0	59	5	B	0	1.5	0	2	4	2	1	1/16	True	-1	35	99	33	33b	3	190	False	False					False	230		I	d	VII		I	I					M	True	False	(0, 4, 1)	()	0	0	minor	major	VII	VII, minor	I		VII	VII	False	I	I, major		I, major		I	I	1		2	0	0	2	2	D	D	C	C	major triad	0	True	True	True	True	True	3	5	5	False	False	False
760	2	190.0	79	1	G	0	1.5	0	2	4	1	1	1/8	True	-1	35	99	33	33b	5	190	False	False					False	230		I	d	VII		I	I					M	True	False	(0, 4, 1)	()	0	0	minor	major	VII	VII, minor	I		VII	VII	False	I	I, major		I, major		I	I	1		2	0	0	2	2	D	D	C	C	major triad	0	True	True	True	True	True	-1	1	1	True	False	False
761	1	190.25	60	0	C	0	1.75	0	2	4	2	1	1/16	True	-1	35	99	33	33b	4	761/4	False	False					False	230		I	d	VII		I	I					M	True	False	(0, 4, 1)	()	0	0	minor	major	VII	VII, minor	I		VII	VII	False	I	I, major		I, major		I	I	1		2	0	0	2	2	D	D	C	C	major triad	0	True	True	True	True	True	-2	0	0	True	True	True
762	1	190.5	62	2	D	0	2.0	2	2	4	2	1	1/16	True	-1	35	99	33	33b	4	381/2	False	True					False	231		V43	d	VII		V43	V		43			Mm7	True	False	(2, -1, 1, 5)	()	1	2	minor	major	VII	VII, minor	V		VII	VII	False	V43	V43, major		V43, major		V	V7	5		2	0	0	3	4	A	E	C	C	dominant seventh chord	2	True	True	True	True	True	0	2	2	True	False	True
762	2	190.5	79	1	G	0	2.0	2	2	4	1	1	1/8	True	-1	35	99	33	33b	5	381/2	False	True					False	231		V43	d	VII		V43	V		43			Mm7	True	False	(2, -1, 1, 5)	()	1	2	minor	major	VII	VII, minor	V		VII	VII	False	V43	V43, major		V43, major		V	V7	5		2	0	0	3	4	A	E	C	C	dominant seventh chord	2	True	True	True	True	True	-1	1	1	True	True	False
763	1	190.75	64	4	E	0	2.25	0	2	4	2	1	1/16	True	-1	35	99	33	33b	4	763/4	False	False					False	231		V43	d	VII		V43	V		43			Mm7	True	False	(2, -1, 1, 5)	()	1	2	minor	major	VII	VII, minor	V		VII	VII	False	V43	V43, major		V43, major		V	V7	5		2	0	0	3	4	A	E	C	C	dominant seventh chord	2	True	True	True	True	True	2	4	4	False	False	False
764	1	191.0	60	0	C	0	2.5	0	2	4	2	1	1/16	True	-1	35	99	33	33b	4	191	False	False					False	231		V43	d	VII		V43	V		43			Mm7	True	False	(2, -1, 1, 5)	()	1	2	minor	major	VII	VII, minor	V		VII	VII	False	V43	V43, major		V43, major		V	V7	5		2	0	0	3	4	A	E	C	C	dominant seventh chord	2	True	True	True	True	True	-2	0	0	False	False	False
764	2	191.0	70	-2	B	-1	2.5	0	2	4	1	1	1/8	True	-1	35	99	33	33b	4	191	False	False					False	231		V43	d	VII		V43	V		43			Mm7	True	False	(2, -1, 1, 5)	()	1	2	minor	major	VII	VII, minor	V		VII	VII	False	V43	V43, major		V43, major		V	V7	5		2	0	0	3	4	A	E	C	C	dominant seventh chord	2	True	True	True	True	True	-4	-2	-2	False	False	False
765	1	191.25	62	2	D	0	2.75	0	2	4	2	1	1/16	True	-1	35	99	33	33b	4	765/4	False	False					False	231		V43	d	VII		V43	V		43			Mm7	True	False	(2, -1, 1, 5)	()	1	2	minor	major	VII	VII, minor	V		VII	VII	False	V43	V43, major		V43, major		V	V7	5		2	0	0	3	4	A	E	C	C	dominant seventh chord	2	True	True	True	True	True	0	2	2	True	False	True
766	2	191.5	64	4	E	0	1.0	1	2	4	2	1	1/8	True	-1	36	100	34	34b	4	383/2	False	True					False	232		I6	d	VII		I6	I		6			M	True	False	(4, 1, 0)	()	0	4	minor	major	VII	VII, minor	I		VII	VII	False	I6	I6, major		I6, major		I	I	1		2	0	0	2	6	D	F#	C	C	major triad	1	True	True	True	True	True	2	4	4	True	False	True
766	2	191.5	72	0	C	0	1.0	1	2	4	1	1	1/8	True	-1	36	100	34	34b	5	383/2	False	True					False	232		I6	d	VII		I6	I		6			M	True	False	(4, 1, 0)	()	0	4	minor	major	VII	VII, minor	I		VII	VII	False	I6	I6, major		I6, major		I	I	1		2	0	0	2	6	D	F#	C	C	major triad	1	True	True	True	True	True	-2	0	0	True	True	False
768	2	192.0	60	0	C	0	1.5	0	2	4	2	1	1/8	True	-1	36	100	34	34b	4	192	False	True					False	233		I	d	VII		I	I					M	True	False	(0, 4, 1)	()	0	0	minor	major	VII	VII, minor	I		VII	VII	False	I	I, major		I, major		I	I	1		2	0	0	2	2	D	D	C	C	major triad	0	True	True	True	True	True	-2	0	0	True	True	True
768	1	192.0	72	0	C	0	1.5	0	2	4	1	1	1/16	True	-1	36	100	34	34b	5	192	False	True					False	233		I	d	VII		I	I					M	True	False	(0, 4, 1)	()	0	0	minor	major	VII	VII, minor	I		VII	VII	False	I	I, major		I, major		I	I	1		2	0	0	2	2	D	D	C	C	major triad	0	True	True	True	True	True	-2	0	0	True	True	True
769	1	192.25	74	2	D	0	1.75	0	2	4	1	1	1/16	True	-1	36	100	34	34b	5	769/4	False	False					False	233		I	d	VII		I	I					M	True	False	(0, 4, 1)	()	0	0	minor	major	VII	VII, minor	I		VII	VII	False	I	I, major		I, major		I	I	1		2	0	0	2	2	D	D	C	C	major triad	0	True	True	True	True	True	0	2	2	False	False	False
770	2	192.5	60	0	C	0	2.0	2	2	4	2	1	1/8	True	-1	36	100	34	34b	4	385/2	False	False					False	233		I	d	VII		I	I					M	True	False	(0, 4, 1)	()	0	0	minor	major	VII	VII, minor	I		VII	VII	False	I	I, major		I, major		I	I	1		2	0	0	2	2	D	D	C	C	major triad	0	True	True	True	True	True	-2	0	0	True	True	True
770	1	192.5	76	4	E	0	2.0	2	2	4	1	1	1/16	True	-1	36	100	34	34b	5	385/2	False	False					False	233		I	d	VII		I	I					M	True	False	(0, 4, 1)	()	0	0	minor	major	VII	VII, minor	I		VII	VII	False	I	I, major		I, major		I	I	1		2	0	0	2	2	D	D	C	C	major triad	0	True	True	True	True	True	2	4	4	True	False	False
771	1	192.75	77	-1	F	0	2.25	0	2	4	1	1	1/16	True	-1	36	100	34	34b	5	771/4	False	False					False	233		I	d	VII		I	I					M	True	False	(0, 4, 1)	()	0	0	minor	major	VII	VII, minor	I		VII	VII	False	I	I, major		I, major		I	I	1		2	0	0	2	2	D	D	C	C	major triad	0	True	True	True	True	True	-3	-1	-1	False	False	False
772	2	193.0	55	1	G	0	2.5	0	2	4	2	1	1/8	True	-1	36	100	34	34b	3	193	False	False					False	233		I	d	VII		I	I					M	True	False	(0, 4, 1)	()	0	0	minor	major	VII	VII, minor	I		VII	VII	False	I	I, major		I, major		I	I	1		2	0	0	2	2	D	D	C	C	major triad	0	True	True	True	True	True	-1	1	1	True	False	False
772	1	193.0	74	2	D	0	2.5	0	2	4	1	1	1/16	True	-1	36	100	34	34b	5	193	False	False					False	233		I	d	VII		I	I					M	True	False	(0, 4, 1)	()	0	0	minor	major	VII	VII, minor	I		VII	VII	False	I	I, major		I, major		I	I	1		2	0	0	2	2	D	D	C	C	major triad	0	True	True	True	True	True	0	2	2	False	False	False
773	1	193.25	76	4	E	0	2.75	0	2	4	1	1	1/16	True	-1	36	100	34	34b	5	773/4	False	False					False	233		I	d	VII		I	I					M	True	False	(0, 4, 1)	()	0	0	minor	major	VII	VII, minor	I		VII	VII	False	I	I, major		I, major		I	I	1		2	0	0	2	2	D	D	C	C	major triad	0	True	True	True	True	True	2	4	4	True	False	False
774	2	193.5	57	3	A	0	1.0	1	2	4	2	1	1/8	True	-1	37	101	35	35b	3	387/2	False	True					False	234		IV6	d	VII		IV6	IV		6			M	True	False	(3, 0, -1)	()	-1	3	minor	major	VII	VII, minor	IV		VII	VII	False	IV6	IV6, major		IV6, major		IV	IV	4		2	0	0	1	5	G	B	C	C	major triad	1	True	True	True	True	True	1	3	3	True	False	True
774	1	193.5	77	-1	F	0	1.0	1	2	4	1	1	1/16	True	-1	37	101	35	35b	5	387/2	False	True					False	234		IV6	d	VII		IV6	IV		6			M	True	False	(3, 0, -1)	()	-1	3	minor	major	VII	VII, minor	IV		VII	VII	False	IV6	IV6, major		IV6, major		IV	IV	4		2	0	0	1	5	G	B	C	C	major triad	1	True	True	True	True	True	-3	-1	-1	True	True	False
775	1	193.75	79	1	G	0	1.25	0	2	4	1	1	1/16	True	-1	37	101	35	35b	5	775/4	False	False					False	234		IV6	d	VII		IV6	IV		6			M	True	False	(3, 0, -1)	()	-1	3	minor	major	VII	VII, minor	IV		VII	VII	False	IV6	IV6, major		IV6, major		IV	IV	4		2	0	0	1	5	G	B	C	C	major triad	1	True	True	True	True	True	-1	1	1	False	False	False
776	2	194.0	60	0	C	0	1.5	0	2	4	2	1	1/8	True	-1	37	101	35	35b	4	194	False	True					False	235		I	d	VII		I	I					M	True	False	(0, 4, 1)	()	0	0	minor	major	VII	VII, minor	I		VII	VII	False	I	I, major		I, major		I	I	1		2	0	0	2	2	D	D	C	C	major triad	0	True	True	True	True	True	-2	0	0	True	True	True
776	1	194.0	76	4	E	0	1.5	0	2	4	1	1	1/16	True	-1	37	101	35	35b	5	194	False	True					False	235		I	d	VII		I	I					M	True	False	(0, 4, 1)	()	0	0	minor	major	VII	VII, minor	I		VII	VII	False	I	I, major		I, major		I	I	1		2	0	0	2	2	D	D	C	C	major triad	0	True	True	True	True	True	2	4	4	True	False	False
777	1	194.25	77	-1	F	0	1.75	0	2	4	1	1	1/16	True	-1	37	101	35	35b	5	777/4	False	False					False	235		I	d	VII		I	I					M	True	False	(0, 4, 1)	()	0	0	minor	major	VII	VII, minor	I		VII	VII	False	I	I, major		I, major		I	I	1		2	0	0	2	2	D	D	C	C	major triad	0	True	True	True	True	True	-3	-1	-1	False	False	False
778	2	194.5	60	0	C	0	2.0	2	2	4	2	1	1/8	True	-1	37	101	35	35b	4	389/2	False	False					False	235		I	d	VII		I	I					M	True	False	(0, 4, 1)	()	0	0	minor	major	VII	VII, minor	I		VII	VII	False	I	I, major		I, major		I	I	1		2	0	0	2	2	D	D	C	C	major triad	0	True	True	True	True	True	-2	0	0	True	True	True
778	1	194.5	79	1	G	0	2.0	2	2	4	1	1	1/16	True	-1	37	101	35	35b	5	389/2	False	False					False	235		I	d	VII		I	I					M	True	False	(0, 4, 1)	()	0	0	minor	major	VII	VII, minor	I		VII	VII	False	I	I, major		I, major		I	I	1		2	0	0	2	2	D	D	C	C	major triad	0	True	True	True	True	True	-1	1	1	True	False	False
779	1	194.75	81	3	A	0	2.25	0	2	4	1	1	1/16	True	-1	37	101	35	35b	5	779/4	False	False					False	235		I	d	VII		I	I					M	True	False	(0, 4, 1)	()	0	0	minor	major	VII	VII, minor	I		VII	VII	False	I	I, major		I, major		I	I	1		2	0	0	2	2	D	D	C	C	major triad	0	True	True	True	True	True	1	3	3	False	False	False
780	2	195.0	52	4	E	0	2.5	0	2	4	2	1	1/8	True	-1	37	101	35	35b	3	195	False	True					False	236		V65/IV	d	VII		V65/IV	V		65		IV	Mm7	True	False	(4, 1, -2, 0)	()	0	4	minor	major	VII	VII, minor	V/IV	IV	IV/VII	III	False	V65/IV	V65/IV, major		V65/IV, major	IV	IV	V7	5	4	2	0	-1	2	6	D	F#	C	F	dominant seventh chord	1	True	True	True	True	True	2	4	5	True	False	True
780	1	195.0	77	-1	F	0	2.5	0	2	4	1	1	1/16	True	-1	37	101	35	35b	5	195	False	True					False	236		V65/IV	d	VII		V65/IV	V		65		IV	Mm7	True	False	(4, 1, -2, 0)	()	0	4	minor	major	VII	VII, minor	V/IV	IV	IV/VII	III	False	V65/IV	V65/IV, major		V65/IV, major	IV	IV	V7	5	4	2	0	-1	2	6	D	F#	C	F	dominant seventh chord	1	True	True	True	True	True	-3	-1	0	False	False	False
781	1	195.25	79	1	G	0	2.75	0	2	4	1	1	1/16	True	-1	37	101	35	35b	5	781/4	False	False					False	236		V65/IV	d	VII		V65/IV	V		65		IV	Mm7	True	False	(4, 1, -2, 0)	()	0	4	minor	major	VII	VII, minor	V/IV	IV	IV/VII	III	False	V65/IV	V65/IV, major		V65/IV, major	IV	IV	V7	5	4	2	0	-1	2	6	D	F#	C	F	dominant seventh chord	1	True	True	True	True	True	-1	1	2	True	False	False
782	2	195.5	53	-1	F	0	1.0	1	2	4	2	1	1/8	True	-1	38	102	36	36b	3	391/2	False	True					False	237		IV	d	VII		IV	IV					M	True	False	(-1, 3, 0)	()	-1	-1	minor	major	VII	VII, minor	IV		VII	VII	False	IV	IV, major		IV, major		IV	IV	4		2	0	0	1	1	G	G	C	C	major triad	0	True	True	True	True	True	-3	-1	-1	True	True	True
782	1	195.5	81	3	A	0	1.0	1	2	4	1	1	1/16	True	-1	38	102	36	36b	5	391/2	False	True					False	237		IV	d	VII		IV	IV					M	True	False	(-1, 3, 0)	()	-1	-1	minor	major	VII	VII, minor	IV		VII	VII	False	IV	IV, major		IV, major		IV	IV	4		2	0	0	1	1	G	G	C	C	major triad	0	True	True	True	True	True	1	3	3	True	False	False
783	1	195.75	82	-2	B	-1	1.25	0	2	4	1	1	1/16	True	-1	38	102	36	36b	5	783/4	False	False					False	237		IV	d	VII		IV	IV					M	True	False	(-1, 3, 0)	()	-1	-1	minor	major	VII	VII, minor	IV		VII	VII	False	IV	IV, major		IV, major		IV	IV	4		2	0	0	1	1	G	G	C	C	major triad	0	True	True	True	True	True	-4	-2	-2	False	False	False
784	2	196.0	55	1	G	0	1.5	0	2	4	2	1	1/8	True	-1	38	102	36	36b	3	196	False	False					False	237		IV	d	VII		IV	IV					M	True	False	(-1, 3, 0)	()	-1	-1	minor	major	VII	VII, minor	IV		VII	VII	False	IV	IV, major		IV, major		IV	IV	4		2	0	0	1	1	G	G	C	C	major triad	0	True	True	True	True	True	-1	1	1	False	False	False
784	1	196.0	81	3	A	0	1.5	0	2	4	1	1	1/16	True	-1	38	102	36	36b	5	196	False	False					False	237		IV	d	VII		IV	IV					M	True	False	(-1, 3, 0)	()	-1	-1	minor	major	VII	VII, minor	IV		VII	VII	False	IV	IV, major		IV, major		IV	IV	4		2	0	0	1	1	G	G	C	C	major triad	0	True	True	True	True	True	1	3	3	True	False	False
785	1	196.25	79	1	G	0	1.75	0	2	4	1	1	1/16	True	-1	38	102	36	36b	5	785/4	False	False					False	237		IV	d	VII		IV	IV					M	True	False	(-1, 3, 0)	()	-1	-1	minor	major	VII	VII, minor	IV		VII	VII	False	IV	IV, major		IV, major		IV	IV	4		2	0	0	1	1	G	G	C	C	major triad	0	True	True	True	True	True	-1	1	1	False	False	False
786	2	196.5	57	3	A	0	2.0	2	2	4	2	1	1/8	True	-1	38	102	36	36b	3	393/2	False	True					False	238		ii43	d	VII		ii43	ii		43			mm7	True	False	(3, 0, 2, -1)	()	2	3	minor	major	VII	VII, minor	ii		VII	VII	False	ii43	ii43, major		ii43, major		ii	ii7	2		2	0	0	4	5	E	B	C	C		2	True	True	True	True	True	1	3	3	True	False	True
786	1	196.5	77	-1	F	0	2.0	2	2	4	1	1	1/16	True	-1	38	102	36	36b	5	393/2	False	True					False	238		ii43	d	VII		ii43	ii		43			mm7	True	False	(3, 0, 2, -1)	()	2	3	minor	major	VII	VII, minor	ii		VII	VII	False	ii43	ii43, major		ii43, major		ii	ii7	2		2	0	0	4	5	E	B	C	C		2	True	True	True	True	True	-3	-1	-1	True	False	False
787	1	196.75	76	4	E	0	2.25	0	2	4	1	1	1/16	True	-1	38	102	36	36b	5	787/4	False	False					False	238		ii43	d	VII		ii43	ii		43			mm7	True	False	(3, 0, 2, -1)	()	2	3	minor	major	VII	VII, minor	ii		VII	VII	False	ii43	ii43, major		ii43, major		ii	ii7	2		2	0	0	4	5	E	B	C	C		2	True	True	True	True	True	2	4	4	False	False	False
788	2	197.0	45	3	A	0	2.5	0	2	4	2	1	1/8	True	-1	38	102	36	36b	2	197	False	False					False	238		ii43	d	VII		ii43	ii		43			mm7	True	False	(3, 0, 2, -1)	()	2	3	minor	major	VII	VII, minor	ii		VII	VII	False	ii43	ii43, major		ii43, major		ii	ii7	2		2	0	0	4	5	E	B	C	C		2	True	True	True	True	True	1	3	3	True	False	True
788	1	197.0	74	2	D	0	2.5	0	2	4	1	1	1/16	True	-1	38	102	36	36b	5	197	False	False					False	238		ii43	d	VII		ii43	ii		43			mm7	True	False	(3, 0, 2, -1)	()	2	3	minor	major	VII	VII, minor	ii		VII	VII	False	ii43	ii43, major		ii43, major		ii	ii7	2		2	0	0	4	5	E	B	C	C		2	True	True	True	True	True	0	2	2	True	True	False
789	1	197.25	72	0	C	0	2.75	0	2	4	1	1	1/16	True	-1	38	102	36	36b	5	789/4	False	False					False	238		ii43	d	VII		ii43	ii		43			mm7	True	False	(3, 0, 2, -1)	()	2	3	minor	major	VII	VII, minor	ii		VII	VII	False	ii43	ii43, major		ii43, major		ii	ii7	2		2	0	0	4	5	E	B	C	C		2	True	True	True	True	True	-2	0	0	True	False	False
790	2	197.5	52	4	E	0	1.0	1	2	4	2	1	1/8	True	-1	39	103	37	37b	3	395/2	False	True					False	239		I6	d	VII		I6	I		6			M	True	False	(4, 1, 0)	()	0	4	minor	major	VII	VII, minor	I		VII	VII	False	I6	I6, major		I6, major		I	I	1		2	0	0	2	6	D	F#	C	C	major triad	1	True	True	True	True	True	2	4	4	True	False	True
790	2	197.5	79	1	G	0	1.0	1	2	4	1	1	1/8	True	-1	39	103	37	37b	5	395/2	False	True					False	239		I6	d	VII		I6	I		6			M	True	False	(4, 1, 0)	()	0	4	minor	major	VII	VII, minor	I		VII	VII	False	I6	I6, major		I6, major		I	I	1		2	0	0	2	6	D	F#	C	C	major triad	1	True	True	True	True	True	-1	1	1	True	False	False
792	2	198.0	53	-1	F	0	1.5	0	2	4	2	1	1/8	True	-1	39	103	37	37b	3	198	False	True					False	240		ii65	d	VII		ii65	ii		65			mm7	True	False	(-1, 3, 0, 2)	()	2	-1	minor	major	VII	VII, minor	ii		VII	VII	False	ii65	ii65, major		ii65, major		ii	ii7	2		2	0	0	4	1	E	G	C	C		1	True	True	True	True	True	-3	-1	-1	True	False	True
792	1	198.0	77	-1	F	0	1.5	0	2	4	1	1	1/16	True	-1	39	103	37	37b	5	198	False	True					False	240		ii65	d	VII		ii65	ii		65			mm7	True	False	(-1, 3, 0, 2)	()	2	-1	minor	major	VII	VII, minor	ii		VII	VII	False	ii65	ii65, major		ii65, major		ii	ii7	2		2	0	0	4	1	E	G	C	C		1	True	True	True	True	True	-3	-1	-1	True	False	True
793	1	198.25	76	4	E	0	1.75	0	2	4	1	1	1/16	True	-1	39	103	37	37b	5	793/4	False	False					False	240		ii65	d	VII		ii65	ii		65			mm7	True	False	(-1, 3, 0, 2)	()	2	-1	minor	major	VII	VII, minor	ii		VII	VII	False	ii65	ii65, major		ii65, major		ii	ii7	2		2	0	0	4	1	E	G	C	C		1	True	True	True	True	True	2	4	4	False	False	False
794	2	198.5	55	1	G	0	2.0	2	2	4	2	1	1/8	True	-1	39	103	37	37b	3	397/2	False	True					False	241		V	d	VII		V	V					M	True	False	(1, 5, 2)	()	1	1	minor	major	VII	VII, minor	V		VII	VII	False	V	V, major		V, major		V	V	5		2	0	0	3	3	A	A	C	C	major triad	0	True	True	True	True	True	-1	1	1	True	True	True
794	3	198.5	74	2	D	0	2.0	2	2	4	1	1	3/16	True	-1	39	103	37	37b	5	397/2	False	True					False	241		V	d	VII		V	V					M	True	False	(1, 5, 2)	()	1	1	minor	major	VII	VII, minor	V		VII	VII	False	V	V, major		V, major		V	V	5		2	0	0	3	3	A	A	C	C	major triad	0	True	True	True	True	True	0	2	2	True	False	False
796	2	199.0	43	1	G	0	2.5	0	2	4	2	1	1/8	True	-1	39	103	37	37b	2	199	False	False					False	241		V	d	VII		V	V					M	True	False	(1, 5, 2)	()	1	1	minor	major	VII	VII, minor	V		VII	VII	False	V	V, major		V, major		V	V	5		2	0	0	3	3	A	A	C	C	major triad	0	True	True	True	True	True	-1	1	1	True	True	True
797	1	199.25	72	0	C	0	2.75	0	2	4	1	1	1/16	True	-1	39	103	37	37b	5	797/4	False	True					False	242		V7	d	VII		V7	V		7			Mm7	True	False	(1, 5, 2, -1)	()	1	1	minor	major	VII	VII, minor	V		VII	VII	False	V7	V7, major		V7, major		V	V7	5		2	0	0	3	3	A	A	C	C	dominant seventh chord	7	True	True	True	True	True	-2	0	0	False	False	False
798	2	199.5	48	0	C	0	1.0	1	2	4	2	1	1/8	True	-1	40	104	38	38b	3	399/2	False	True	PAC	PAC		}	True	243		I|PAC}	d	VII		I	I					M	True	False	(0, 4, 1)	()	0	0	minor	major	VII	VII, minor	I		VII	VII	False	I	I, major		I, major		I	I	1		2	0	0	2	2	D	D	C	C	major triad	0	True	True	True	True	True	-2	0	0	True	True	True
798	2	199.5	64	4	E	0	1.0	1	2	4	1	1	1/8	True	-1	40	104	38	38b	4	399/2	False	True	PAC	PAC		}	True	243		I|PAC}	d	VII		I	I					M	True	False	(0, 4, 1)	()	0	0	minor	major	VII	VII, minor	I		VII	VII	False	I	I, major		I, major		I	I	1		2	0	0	2	2	D	D	C	C	major triad	0	True	True	True	True	True	2	4	4	True	False	False
798	2	199.5	67	1	G	0	1.0	1	2	4	1	1	1/8	True	-1	40	104	38	38b	4	399/2	False	True	PAC	PAC		}	True	243		I|PAC}	d	VII		I	I					M	True	False	(0, 4, 1)	()	0	0	minor	major	VII	VII, minor	I		VII	VII	False	I	I, major		I, major		I	I	1		2	0	0	2	2	D	D	C	C	major triad	0	True	True	True	True	True	-1	1	1	True	False	False
798	2	199.5	72	0	C	0	1.0	1	2	4	1	1	1/8	True	-1	40	104	38	38b	5	399/2	False	True	PAC	PAC		}	True	243		I|PAC}	d	VII		I	I					M	True	False	(0, 4, 1)	()	0	0	minor	major	VII	VII, minor	I		VII	VII	False	I	I, major		I, major		I	I	1		2	0	0	2	2	D	D	C	C	major triad	0	True	True	True	True	True	-2	0	0	True	True	True
800	1	200.0	60	0	C	0	1.5	0	2	4	2	1	1/16	True	-1	40	104	38	38b	4	200	False	True				{	False	244		i.VII{	d	i		VII	VII					M	True	True	(-2, 2, -1)	()	-2	-2	minor	minor	i	i, minor	VII		i	i	True	VII	VII, minor		VII, minor		VII	VII	7		2	2	2	0	0	C	C	D	D	major triad	0	True	True	True	True	True	-2	-2	-2	True	True	True
800	2	200.0	84	0	C	0	1.5	0	2	4	1	1	1/8	True	-1	40	104	38	38b	6	200	False	True				{	False	244		i.VII{	d	i		VII	VII					M	True	True	(-2, 2, -1)	()	-2	-2	minor	minor	i	i, minor	VII		i	i	True	VII	VII, minor		VII, minor		VII	VII	7		2	2	2	0	0	C	C	D	D	major triad	0	True	True	True	True	True	-2	-2	-2	True	True	True
801	1	200.25	62	2	D	0	1.75	0	2	4	2	1	1/16	True	-1	40	104	38	38b	4	801/4	False	False					False	244		i.VII{	d	i		VII	VII					M	True	True	(-2, 2, -1)	()	-2	-2	minor	minor	i	i, minor	VII		i	i	True	VII	VII, minor		VII, minor		VII	VII	7		2	2	2	0	0	C	C	D	D	major triad	0	True	True	True	True	True	0	0	0	False	False	False
802	1	200.5	64	4	E	0	2.0	2	2	4	2	1	1/16	True	-1	40	104	38	38b	4	401/2	False	True					False	245		V65/III	d	i		V65/III	V		65		III	Mm7	True	True	(2, -1, -4, -2)	()	-2	2	minor	minor	i	i, minor	V/III	III	III/i	III	False	V65/III	V65/III, minor		V65/III, minor	III	III	V7	5	3	2	2	-1	0	4	C	E	D	F	dominant seventh chord	1	True	True	True	True	True	2	2	5	True	False	True
802	2	200.5	84	0	C	0	2.0	2	2	4	1	1	1/8	True	-1	40	104	38	38b	6	401/2	False	True					False	245		V65/III	d	i		V65/III	V		65		III	Mm7	True	True	(2, -1, -4, -2)	()	-2	2	minor	minor	i	i, minor	V/III	III	III/i	III	False	V65/III	V65/III, minor		V65/III, minor	III	III	V7	5	3	2	2	-1	0	4	C	E	D	F	dominant seventh chord	1	True	True	True	True	True	-2	-2	1	True	True	False
803	1	200.75	65	-1	F	0	2.25	0	2	4	2	1	1/16	True	-1	40	104	38	38b	4	803/4	False	False					False	245		V65/III	d	i		V65/III	V		65		III	Mm7	True	True	(2, -1, -4, -2)	()	-2	2	minor	minor	i	i, minor	V/III	III	III/i	III	False	V65/III	V65/III, minor		V65/III, minor	III	III	V7	5	3	2	2	-1	0	4	C	E	D	F	dominant seventh chord	1	True	True	True	True	True	-3	-3	0	False	False	False
804	1	201.0	62	2	D	0	2.5	0	2	4	2	1	1/16	True	-1	40	104	38	38b	4	201	False	False					False	245		V65/III	d	i		V65/III	V		65		III	Mm7	True	True	(2, -1, -4, -2)	()	-2	2	minor	minor	i	i, minor	V/III	III	III/i	III	False	V65/III	V65/III, minor		V65/III, minor	III	III	V7	5	3	2	2	-1	0	4	C	E	D	F	dominant seventh chord	1	True	True	True	True	True	0	0	3	False	False	False
804	2	201.0	79	1	G	0	2.5	0	2	4	1	1	1/8	True	-1	40	104	38	38b	5	201	False	False					False	245		V65/III	d	i		V65/III	V		65		III	Mm7	True	True	(2, -1, -4, -2)	()	-2	2	minor	minor	i	i, minor	V/III	III	III/i	III	False	V65/III	V65/III, minor		V65/III, minor	III	III	V7	5	3	2	2	-1	0	4	C	E	D	F	dominant seventh chord	1	True	True	True	True	True	-1	-1	2	True	False	False
805	1	201.25	64	4	E	0	2.75	0	2	4	2	1	1/16	True	-1	40	104	38	38b	4	805/4	False	False					False	245		V65/III	d	i		V65/III	V		65		III	Mm7	True	True	(2, -1, -4, -2)	()	-2	2	minor	minor	i	i, minor	V/III	III	III/i	III	False	V65/III	V65/III, minor		V65/III, minor	III	III	V7	5	3	2	2	-1	0	4	C	E	D	F	dominant seventh chord	1	True	True	True	True	True	2	2	5	True	False	True
806	2	201.5	65	-1	F	0	1.0	1	2	4	2	1	1/8	True	-1	41	105	39	39b	4	403/2	False	True					False	246		III	d	i		III	III					M	True	True	(-3, 1, -2)	()	-3	-3	minor	minor	i	i, minor	III		i	i	True	III	III, minor		III, minor		III	III	3		2	2	2	-1	-1	F	F	D	D	major triad	0	True	True	True	True	True	-3	-3	-3	True	True	True
806	2	201.5	81	3	A	0	1.0	1	2	4	1	1	1/8	True	-1	41	105	39	39b	5	403/2	False	True					False	246		III	d	i		III	III					M	True	True	(-3, 1, -2)	()	-3	-3	minor	minor	i	i, minor	III		i	i	True	III	III, minor		III, minor		III	III	3		2	2	2	-1	-1	F	F	D	D	major triad	0	True	True	True	True	True	1	1	1	True	False	False
808	1	202.0	53	-1	F	0	1.5	0	2	4	2	1	1/16	True	-1	41	105	39	39b	3	202	False	False					False	246		III	d	i		III	III					M	True	True	(-3, 1, -2)	()	-3	-3	minor	minor	i	i, minor	III		i	i	True	III	III, minor		III, minor		III	III	3		2	2	2	-1	-1	F	F	D	D	major triad	0	True	True	True	True	True	-3	-3	-3	True	True	True
808	2	202.0	77	-1	F	0	1.5	0	2	4	1	1	1/8	True	-1	41	105	39	39b	5	202	False	False					False	246		III	d	i		III	III					M	True	True	(-3, 1, -2)	()	-3	-3	minor	minor	i	i, minor	III		i	i	True	III	III, minor		III, minor		III	III	3		2	2	2	-1	-1	F	F	D	D	major triad	0	True	True	True	True	True	-3	-3	-3	True	True	True
809	1	202.25	55	1	G	0	1.75	0	2	4	2	1	1/16	True	-1	41	105	39	39b	3	809/4	False	False					False	246		III	d	i		III	III					M	True	True	(-3, 1, -2)	()	-3	-3	minor	minor	i	i, minor	III		i	i	True	III	III, minor		III, minor		III	III	3		2	2	2	-1	-1	F	F	D	D	major triad	0	True	True	True	True	True	-1	-1	-1	False	False	False
810	1	202.5	57	3	A	0	2.0	2	2	4	2	1	1/16	True	-1	41	105	39	39b	3	405/2	False	True					False	247		III+6	d	i		III+6	III	+	6			+	True	True	(1, 5, -3)	()	-3	1	minor	minor	i	i, minor	III		i	i	True	III+6	III+6, minor		III+6, minor		III	III+	3		2	2	2	-1	3	F	A	D	D	augmented triad	1	True	True	True	True	True	1	1	1	True	False	True
810	2	202.5	77	-1	F	0	2.0	2	2	4	1	1	1/8	True	-1	41	105	39	39b	5	405/2	False	True					False	247		III+6	d	i		III+6	III	+	6			+	True	True	(1, 5, -3)	()	-3	1	minor	minor	i	i, minor	III		i	i	True	III+6	III+6, minor		III+6, minor		III	III+	3		2	2	2	-1	3	F	A	D	D	augmented triad	1	True	True	True	True	True	-3	-3	-3	True	True	False
811	1	202.75	58	-2	B	-1	2.25	0	2	4	2	1	1/16	True	-1	41	105	39	39b	3	811/4	False	False					False	247		III+6	d	i		III+6	III	+	6			+	True	True	(1, 5, -3)	()	-3	1	minor	minor	i	i, minor	III		i	i	True	III+6	III+6, minor		III+6, minor		III	III+	3		2	2	2	-1	3	F	A	D	D	augmented triad	1	True	True	True	True	True	-4	-4	-4	False	False	False
812	1	203.0	55	1	G	0	2.5	0	2	4	2	1	1/16	True	-1	41	105	39	39b	3	203	False	False					False	247		III+6	d	i		III+6	III	+	6			+	True	True	(1, 5, -3)	()	-3	1	minor	minor	i	i, minor	III		i	i	True	III+6	III+6, minor		III+6, minor		III	III+	3		2	2	2	-1	3	F	A	D	D	augmented triad	1	True	True	True	True	True	-1	-1	-1	False	False	False
812	2	203.0	73	7	C	1	2.5	0	2	4	1	1	1/8	True	-1	41	105	39	39b	5	203	False	False					False	247		III+6	d	i		III+6	III	+	6			+	True	True	(1, 5, -3)	()	-3	1	minor	minor	i	i, minor	III		i	i	True	III+6	III+6, minor		III+6, minor		III	III+	3		2	2	2	-1	3	F	A	D	D	augmented triad	1	True	True	True	True	True	5	5	5	True	False	False
813	1	203.25	57	3	A	0	2.75	0	2	4	2	1	1/16	True	-1	41	105	39	39b	3	813/4	False	False					False	247		III+6	d	i		III+6	III	+	6			+	True	True	(1, 5, -3)	()	-3	1	minor	minor	i	i, minor	III		i	i	True	III+6	III+6, minor		III+6, minor		III	III+	3		2	2	2	-1	3	F	A	D	D	augmented triad	1	True	True	True	True	True	1	1	1	True	False	True
814	2	203.5	58	-2	B	-1	1.0	1	2	4	2	1	1/8	True	-1	42	106	40	40b	3	407/2	False	True					False	248		VI	d	i		VI	VI					M	True	True	(-4, 0, -3)	()	-4	-4	minor	minor	i	i, minor	VI		i	i	True	VI	VI, minor		VI, minor		VI	VI	6		2	2	2	-2	-2	Bb	Bb	D	D	major triad	0	True	True	True	True	True	-4	-4	-4	True	True	True
814	2	203.5	74	2	D	0	1.0	1	2	4	1	1	1/8	True	-1	42	106	40	40b	5	407/2	False	True					False	248		VI	d	i		VI	VI					M	True	True	(-4, 0, -3)	()	-4	-4	minor	minor	i	i, minor	VI		i	i	True	VI	VI, minor		VI, minor		VI	VI	6		2	2	2	-2	-2	Bb	Bb	D	D	major triad	0	True	True	True	True	True	0	0	0	True	False	False
816	1	204.0	58	-2	B	-1	1.5	0	2	4	2	1	1/16	True	-1	42	106	40	40b	3	204	False	False					False	248		VI	d	i		VI	VI					M	True	True	(-4, 0, -3)	()	-4	-4	minor	minor	i	i, minor	VI		i	i	True	VI	VI, minor		VI, minor		VI	VI	6		2	2	2	-2	-2	Bb	Bb	D	D	major triad	0	True	True	True	True	True	-4	-4	-4	True	True	True
816	2	204.0	82	-2	B	-1	1.5	0	2	4	1	1	1/8	True	-1	42	106	40	40b	5	204	False	False					False	248		VI	d	i		VI	VI					M	True	True	(-4, 0, -3)	()	-4	-4	minor	minor	i	i, minor	VI		i	i	True	VI	VI, minor		VI, minor		VI	VI	6		2	2	2	-2	-2	Bb	Bb	D	D	major triad	0	True	True	True	True	True	-4	-4	-4	True	True	True
817	1	204.25	60	0	C	0	1.75	0	2	4	2	1	1/16	True	-1	42	106	40	40b	4	817/4	False	False					False	248		VI	d	i		VI	VI					M	True	True	(-4, 0, -3)	()	-4	-4	minor	minor	i	i, minor	VI		i	i	True	VI	VI, minor		VI, minor		VI	VI	6		2	2	2	-2	-2	Bb	Bb	D	D	major triad	0	True	True	True	True	True	-2	-2	-2	False	False	False
818	1	204.5	62	2	D	0	2.0	2	2	4	2	1	1/16	True	-1	42	106	40	40b	4	409/2	False	True					False	249		VI6	d	i		VI6	VI		6			M	True	True	(0, -3, -4)	()	-4	0	minor	minor	i	i, minor	VI		i	i	True	VI6	VI6, minor		VI6, minor		VI	VI	6		2	2	2	-2	2	Bb	D	D	D	major triad	1	True	True	True	True	True	0	0	0	True	False	True
818	2	204.5	82	-2	B	-1	2.0	2	2	4	1	1	1/8	True	-1	42	106	40	40b	5	409/2	False	True					False	249		VI6	d	i		VI6	VI		6			M	True	True	(0, -3, -4)	()	-4	0	minor	minor	i	i, minor	VI		i	i	True	VI6	VI6, minor		VI6, minor		VI	VI	6		2	2	2	-2	2	Bb	D	D	D	major triad	1	True	True	True	True	True	-4	-4	-4	True	True	False
819	1	204.75	64	4	E	0	2.25	0	2	4	2	1	1/16	True	-1	42	106	40	40b	4	819/4	False	False					False	249		VI6	d	i		VI6	VI		6			M	True	True	(0, -3, -4)	()	-4	0	minor	minor	i	i, minor	VI		i	i	True	VI6	VI6, minor		VI6, minor		VI	VI	6		2	2	2	-2	2	Bb	D	D	D	major triad	1	True	True	True	True	True	2	2	2	False	False	False
820	1	205.0	60	0	C	0	2.5	0	2	4	2	1	1/16	True	-1	42	106	40	40b	4	205	False	False					False	249		VI6	d	i		VI6	VI		6			M	True	True	(0, -3, -4)	()	-4	0	minor	minor	i	i, minor	VI		i	i	True	VI6	VI6, minor		VI6, minor		VI	VI	6		2	2	2	-2	2	Bb	D	D	D	major triad	1	True	True	True	True	True	-2	-2	-2	False	False	False
820	2	205.0	77	-1	F	0	2.5	0	2	4	1	1	1/8	True	-1	42	106	40	40b	5	205	False	False					False	249		VI6	d	i		VI6	VI		6			M	True	True	(0, -3, -4)	()	-4	0	minor	minor	i	i, minor	VI		i	i	True	VI6	VI6, minor		VI6, minor		VI	VI	6		2	2	2	-2	2	Bb	D	D	D	major triad	1	True	True	True	True	True	-3	-3	-3	True	False	False
821	1	205.25	62	2	D	0	2.75	0	2	4	2	1	1/16	True	-1	42	106	40	40b	4	821/4	False	False					False	249		VI6	d	i		VI6	VI		6			M	True	True	(0, -3, -4)	()	-4	0	minor	minor	i	i, minor	VI		i	i	True	VI6	VI6, minor		VI6, minor		VI	VI	6		2	2	2	-2	2	Bb	D	D	D	major triad	1	True	True	True	True	True	0	0	0	True	False	True
822	2	205.5	64	4	E	0	1.0	1	2	4	2	1	1/8	True	-1	43	107	41	41b	4	411/2	False	True					False	250		iio	d	i		iio	ii	o				o	True	True	(2, -1, -4)	()	2	2	minor	minor	i	i, minor	ii		i	i	True	iio	iio, minor		iio, minor		ii	iio	2		2	2	2	4	4	E	E	D	D	diminished triad	0	True	True	True	True	True	2	2	2	True	True	True
822	2	205.5	79	1	G	0	1.0	1	2	4	1	1	1/8	True	-1	43	107	41	41b	5	411/2	False	True					False	250		iio	d	i		iio	ii	o				o	True	True	(2, -1, -4)	()	2	2	minor	minor	i	i, minor	ii		i	i	True	iio	iio, minor		iio, minor		ii	iio	2		2	2	2	4	4	E	E	D	D	diminished triad	0	True	True	True	True	True	-1	-1	-1	True	False	False
824	1	206.0	52	4	E	0	1.5	0	2	4	2	1	1/16	True	-1	43	107	41	41b	3	206	False	False					False	250		iio	d	i		iio	ii	o				o	True	True	(2, -1, -4)	()	2	2	minor	minor	i	i, minor	ii		i	i	True	iio	iio, minor		iio, minor		ii	iio	2		2	2	2	4	4	E	E	D	D	diminished triad	0	True	True	True	True	True	2	2	2	True	True	True
824	2	206.0	76	4	E	0	1.5	0	2	4	1	1	1/8	True	-1	43	107	41	41b	5	206	False	False					False	250		iio	d	i		iio	ii	o				o	True	True	(2, -1, -4)	()	2	2	minor	minor	i	i, minor	ii		i	i	True	iio	iio, minor		iio, minor		ii	iio	2		2	2	2	4	4	E	E	D	D	diminished triad	0	True	True	True	True	True	2	2	2	True	True	True
825	1	206.25	53	-1	F	0	1.75	0	2	4	2	1	1/16	True	-1	43	107	41	41b	3	825/4	False	False					False	250		iio	d	i		iio	ii	o				o	True	True	(2, -1, -4)	()	2	2	minor	minor	i	i, minor	ii		i	i	True	iio	iio, minor		iio, minor		ii	iio	2		2	2	2	4	4	E	E	D	D	diminished triad	0	True	True	True	True	True	-3	-3	-3	False	False	False
826	1	206.5	55	1	G	0	2.0	2	2	4	2	1	1/16	True	-1	43	107	41	41b	3	413/2	False	True					False	251		ii6	d	i		ii6	ii		6			m	True	True	(-1, 3, 2)	()	2	-1	minor	minor	i	i, minor	ii		i	i	True	ii6	ii6, minor		ii6, minor		ii	ii	2		2	2	2	4	1	E	G	D	D	minor triad	1	True	True	True	True	True	-1	-1	-1	True	False	True
826	2	206.5	76	4	E	0	2.0	2	2	4	1	1	1/8	True	-1	43	107	41	41b	5	413/2	False	True					False	251		ii6	d	i		ii6	ii		6			m	True	True	(-1, 3, 2)	()	2	-1	minor	minor	i	i, minor	ii		i	i	True	ii6	ii6, minor		ii6, minor		ii	ii	2		2	2	2	4	1	E	G	D	D	minor triad	1	True	True	True	True	True	2	2	2	True	True	False
827	1	206.75	57	3	A	0	2.25	0	2	4	2	1	1/16	True	-1	43	107	41	41b	3	827/4	False	False					False	251		ii6	d	i		ii6	ii		6			m	True	True	(-1, 3, 2)	()	2	-1	minor	minor	i	i, minor	ii		i	i	True	ii6	ii6, minor		ii6, minor		ii	ii	2		2	2	2	4	1	E	G	D	D	minor triad	1	True	True	True	True	True	1	1	1	False	False	False
828	1	207.0	53	-1	F	0	2.5	0	2	4	2	1	1/16	True	-1	43	107	41	41b	3	207	False	False					False	251		ii6	d	i		ii6	ii		6			m	True	True	(-1, 3, 2)	()	2	-1	minor	minor	i	i, minor	ii		i	i	True	ii6	ii6, minor		ii6, minor		ii	ii	2		2	2	2	4	1	E	G	D	D	minor triad	1	True	True	True	True	True	-3	-3	-3	False	False	False
828	2	207.0	71	5	B	0	2.5	0	2	4	1	1	1/8	True	-1	43	107	41	41b	4	207	False	False					False	251		ii6	d	i		ii6	ii		6			m	True	True	(-1, 3, 2)	()	2	-1	minor	minor	i	i, minor	ii		i	i	True	ii6	ii6, minor		ii6, minor		ii	ii	2		2	2	2	4	1	E	G	D	D	minor triad	1	True	True	True	True	True	3	3	3	True	False	False
829	1	207.25	55	1	G	0	2.75	0	2	4	2	1	1/16	True	-1	43	107	41	41b	3	829/4	False	False					False	251		ii6	d	i		ii6	ii		6			m	True	True	(-1, 3, 2)	()	2	-1	minor	minor	i	i, minor	ii		i	i	True	ii6	ii6, minor		ii6, minor		ii	ii	2		2	2	2	4	1	E	G	D	D	minor triad	1	True	True	True	True	True	-1	-1	-1	True	False	True
830	2	207.5	57	3	A	0	1.0	1	2	4	2	1	1/8	True	-1	44	108	42	42b	3	415/2	False	True					False	252		V	d	i		V	V					M	True	True	(1, 5, 2)	()	1	1	minor	minor	i	i, minor	V		i	i	True	V	V, minor		V, minor		V	V	5		2	2	2	3	3	A	A	D	D	major triad	0	True	True	True	True	True	1	1	1	True	True	True
830	2	207.5	73	7	C	1	1.0	1	2	4	1	1	1/8	True	-1	44	108	42	42b	5	415/2	False	True					False	252		V	d	i		V	V					M	True	True	(1, 5, 2)	()	1	1	minor	minor	i	i, minor	V		i	i	True	V	V, minor		V, minor		V	V	5		2	2	2	3	3	A	A	D	D	major triad	0	True	True	True	True	True	5	5	5	True	False	False
832	1	208.0	57	3	A	0	1.5	0	2	4	2	1	1/16	True	-1	44	108	42	42b	3	208	False	False					False	252		V	d	i		V	V					M	True	True	(1, 5, 2)	()	1	1	minor	minor	i	i, minor	V		i	i	True	V	V, minor		V, minor		V	V	5		2	2	2	3	3	A	A	D	D	major triad	0	True	True	True	True	True	1	1	1	True	True	True
832	2	208.0	81	3	A	0	1.5	0	2	4	1	1	1/8	True	-1	44	108	42	42b	5	208	False	False					False	252		V	d	i		V	V					M	True	True	(1, 5, 2)	()	1	1	minor	minor	i	i, minor	V		i	i	True	V	V, minor		V, minor		V	V	5		2	2	2	3	3	A	A	D	D	major triad	0	True	True	True	True	True	1	1	1	True	True	True
833	1	208.25	59	5	B	0	1.75	0	2	4	2	1	1/16	True	-1	44	108	42	42b	3	833/4	False	False					False	252		V	d	i		V	V					M	True	True	(1, 5, 2)	()	1	1	minor	minor	i	i, minor	V		i	i	True	V	V, minor		V, minor		V	V	5		2	2	2	3	3	A	A	D	D	major triad	0	True	True	True	True	True	3	3	3	False	False	False
834	1	208.5	61	7	C	1	2.0	2	2	4	2	1	1/16	True	-1	44	108	42	42b	4	417/2	False	True					False	253		V65	d	i		V65	V		65			Mm7	True	True	(5, 2, -1, 1)	()	1	5	minor	minor	i	i, minor	V		i	i	True	V65	V65, minor		V65, minor		V	V7	5		2	2	2	3	7	A	C#	D	D	dominant seventh chord	1	True	True	True	True	True	5	5	5	True	False	True
834	2	208.5	81	3	A	0	2.0	2	2	4	1	1	1/8	True	-1	44	108	42	42b	5	417/2	False	True					False	253		V65	d	i		V65	V		65			Mm7	True	True	(5, 2, -1, 1)	()	1	5	minor	minor	i	i, minor	V		i	i	True	V65	V65, minor		V65, minor		V	V7	5		2	2	2	3	7	A	C#	D	D	dominant seventh chord	1	True	True	True	True	True	1	1	1	True	True	False
835	1	208.75	62	2	D	0	2.25	0	2	4	2	1	1/16	True	-1	44	108	42	42b	4	835/4	False	False					False	253		V65	d	i		V65	V		65			Mm7	True	True	(5, 2, -1, 1)	()	1	5	minor	minor	i	i, minor	V		i	i	True	V65	V65, minor		V65, minor		V	V7	5		2	2	2	3	7	A	C#	D	D	dominant seventh chord	1	True	True	True	True	True	0	0	0	False	False	False
836	1	209.0	59	5	B	0	2.5	0	2	4	2	1	1/16	True	-1	44	108	42	42b	3	209	False	False					False	253		V65	d	i		V65	V		65			Mm7	True	True	(5, 2, -1, 1)	()	1	5	minor	minor	i	i, minor	V		i	i	True	V65	V65, minor		V65, minor		V	V7	5		2	2	2	3	7	A	C#	D	D	dominant seventh chord	1	True	True	True	True	True	3	3	3	False	False	False
836	2	209.0	76	4	E	0	2.5	0	2	4	1	1	1/8	True	-1	44	108	42	42b	5	209	False	False					False	253		V65	d	i		V65	V		65			Mm7	True	True	(5, 2, -1, 1)	()	1	5	minor	minor	i	i, minor	V		i	i	True	V65	V65, minor		V65, minor		V	V7	5		2	2	2	3	7	A	C#	D	D	dominant seventh chord	1	True	True	True	True	True	2	2	2	True	False	False
837	1	209.25	61	7	C	1	2.75	0	2	4	2	1	1/16	True	-1	44	108	42	42b	4	837/4	False	False					False	253		V65	d	i		V65	V		65			Mm7	True	True	(5, 2, -1, 1)	()	1	5	minor	minor	i	i, minor	V		i	i	True	V65	V65, minor		V65, minor		V	V7	5		2	2	2	3	7	A	C#	D	D	dominant seventh chord	1	True	True	True	True	True	5	5	5	True	False	True
838	2	209.5	62	2	D	0	1.0	1	2	4	2	1	1/8	True	-1	45	109	43	43b	4	419/2	False	True					False	254		i	d	i		i	i					m	True	True	(0, -3, 1)	()	0	0	minor	minor	i	i, minor	i		i	i	True	i	i, minor		i, minor		i	i	1		2	2	2	2	2	D	D	D	D	minor triad	0	True	True	True	True	True	0	0	0	True	True	True
838	3	209.5	77	-1	F	0	1.0	1	2	4	1	1	3/16	True	-1	45	109	43	43b	5	419/2	False	True					False	254		i	d	i		i	i					m	True	True	(0, -3, 1)	()	0	0	minor	minor	i	i, minor	i		i	i	True	i	i, minor		i, minor		i	i	1		2	2	2	2	2	D	D	D	D	minor triad	0	True	True	True	True	True	-3	-3	-3	True	False	False
840	2	210.0	60	0	C	0	1.5	0	2	4	2	1	1/8	True	-1	45	109	43	43b	4	210	False	False					False	254		i	d	i		i	i					m	True	True	(0, -3, 1)	()	0	0	minor	minor	i	i, minor	i		i	i	True	i	i, minor		i, minor		i	i	1		2	2	2	2	2	D	D	D	D	minor triad	0	True	True	True	True	True	-2	-2	-2	False	False	False
841	1	210.25	79	1	G	0	1.75	0	2	4	1	1	1/16	True	-1	45	109	43	43b	5	841/4	False	False					False	254		i	d	i		i	i					m	True	True	(0, -3, 1)	()	0	0	minor	minor	i	i, minor	i		i	i	True	i	i, minor		i, minor		i	i	1		2	2	2	2	2	D	D	D	D	minor triad	0	True	True	True	True	True	-1	-1	-1	False	False	False
842	4	210.5	58	-2	B	-1	2.0	2	2	4	2	1	1/4	True	-1	45	109	43	43b	3	421/2	False	True					False	255		iv6	d	i		iv6	iv		6			m	True	True	(-4, 0, -1)	()	-1	-4	minor	minor	i	i, minor	iv		i	i	True	iv6	iv6, minor		iv6, minor		iv	iv	4		2	2	2	1	-2	G	Bb	D	D	minor triad	1	True	True	True	True	True	-4	-4	-4	True	False	True
842	3	210.5	79	1	G	0	2.0	2	2	4	1	1	3/16	True	-1	45	109	43	43b	5	421/2	False	True					False	255		iv6	d	i		iv6	iv		6			m	True	True	(-4, 0, -1)	()	-1	-4	minor	minor	i	i, minor	iv		i	i	True	iv6	iv6, minor		iv6, minor		iv	iv	4		2	2	2	1	-2	G	Bb	D	D	minor triad	1	True	True	True	True	True	-1	-1	-1	True	True	False
845	1	211.25	81	3	A	0	2.75	0	2	4	1	1	1/16	True	-1	45	109	43	43b	5	845/4	False	False					False	255		iv6	d	i		iv6	iv		6			m	True	True	(-4, 0, -1)	()	-1	-4	minor	minor	i	i, minor	iv		i	i	True	iv6	iv6, minor		iv6, minor		iv	iv	4		2	2	2	1	-2	G	Bb	D	D	minor triad	1	True	True	True	True	True	1	1	1	False	False	False
846	2	211.5	57	3	A	0	1.0	1	2	4	2	1	1/8	True	-1	46	110	44	44b	3	423/2	False	True	HC.PHR	HC	PHR	}	True	256		V|HC.PHR}	d	i		V	V					M	True	True	(1, 5, 2)	()	1	1	minor	minor	i	i, minor	V		i	i	True	V	V, minor		V, minor		V	V	5		2	2	2	3	3	A	A	D	D	major triad	0	True	True	True	True	True	1	1	1	True	True	True
846	2	211.5	73	7	C	1	1.0	1	2	4	1	1	1/8	True	-1	46	110	44	44b	5	423/2	False	True	HC.PHR	HC	PHR	}	True	256		V|HC.PHR}	d	i		V	V					M	True	True	(1, 5, 2)	()	1	1	minor	minor	i	i, minor	V		i	i	True	V	V, minor		V, minor		V	V	5		2	2	2	3	3	A	A	D	D	major triad	0	True	True	True	True	True	5	5	5	True	False	False
846	2	211.5	76	4	E	0	1.0	1	2	4	1	1	1/8	True	-1	46	110	44	44b	5	423/2	False	True	HC.PHR	HC	PHR	}	True	256		V|HC.PHR}	d	i		V	V					M	True	True	(1, 5, 2)	()	1	1	minor	minor	i	i, minor	V		i	i	True	V	V, minor		V, minor		V	V	5		2	2	2	3	3	A	A	D	D	major triad	0	True	True	True	True	True	2	2	2	True	False	False
846	2	211.5	81	3	A	0	1.0	1	2	4	1	1	1/8	True	-1	46	110	44	44b	5	423/2	False	True	HC.PHR	HC	PHR	}	True	256		V|HC.PHR}	d	i		V	V					M	True	True	(1, 5, 2)	()	1	1	minor	minor	i	i, minor	V		i	i	True	V	V, minor		V, minor		V	V	5		2	2	2	3	3	A	A	D	D	major triad	0	True	True	True	True	True	1	1	1	True	True	True
848	2	212.0	62	2	D	0	1.5	0	2	4	2	1	1/8	True	-1	46	110	44	44b	4	212	False	True				{	False	257		i{	d	i		i	i					m	True	True	(0, -3, 1)	()	0	0	minor	minor	i	i, minor	i		i	i	True	i	i, minor		i, minor		i	i	1		2	2	2	2	2	D	D	D	D	minor triad	0	True	True	True	True	True	0	0	0	True	True	True
848	1	212.0	77	-1	F	0	1.5	0	2	4	1	1	1/16	True	-1	46	110	44	44b	5	212	False	True				{	False	257		i{	d	i		i	i					m	True	True	(0, -3, 1)	()	0	0	minor	minor	i	i, minor	i		i	i	True	i	i, minor		i, minor		i	i	1		2	2	2	2	2	D	D	D	D	minor triad	0	True	True	True	True	True	-3	-3	-3	True	False	False
849	1	212.25	76	4	E	0	1.75	0	2	4	1	1	1/16	True	-1	46	110	44	44b	5	849/4	False	False					False	257		i{	d	i		i	i					m	True	True	(0, -3, 1)	()	0	0	minor	minor	i	i, minor	i		i	i	True	i	i, minor		i, minor		i	i	1		2	2	2	2	2	D	D	D	D	minor triad	0	True	True	True	True	True	2	2	2	False	False	False
850	2	212.5	62	2	D	0	2.0	2	2	4	2	1	1/8	True	-1	46	110	44	44b	4	425/2	False	False					False	257		i{	d	i		i	i					m	True	True	(0, -3, 1)	()	0	0	minor	minor	i	i, minor	i		i	i	True	i	i, minor		i, minor		i	i	1		2	2	2	2	2	D	D	D	D	minor triad	0	True	True	True	True	True	0	0	0	True	True	True
850	1	212.5	77	-1	F	0	2.0	2	2	4	1	1	1/16	True	-1	46	110	44	44b	5	425/2	False	False					False	257		i{	d	i		i	i					m	True	True	(0, -3, 1)	()	0	0	minor	minor	i	i, minor	i		i	i	True	i	i, minor		i, minor		i	i	1		2	2	2	2	2	D	D	D	D	minor triad	0	True	True	True	True	True	-3	-3	-3	True	False	False
851	1	212.75	76	4	E	0	2.25	0	2	4	1	1	1/16	True	-1	46	110	44	44b	5	851/4	False	False					False	257		i{	d	i		i	i					m	True	True	(0, -3, 1)	()	0	0	minor	minor	i	i, minor	i		i	i	True	i	i, minor		i, minor		i	i	1		2	2	2	2	2	D	D	D	D	minor triad	0	True	True	True	True	True	2	2	2	False	False	False
852	2	213.0	57	3	A	0	2.5	0	2	4	2	1	1/8	True	-1	46	110	44	44b	3	213	False	True					False	258		i64	d	i		i64	i		64			m	True	True	(1, 0, -3)	()	0	1	minor	minor	i	i, minor	i		i	i	True	i64	i64, minor		i64, minor		i	i	1		2	2	2	2	3	D	A	D	D	minor triad	2	True	True	True	True	True	1	1	1	True	False	True
852	1	213.0	74	2	D	0	2.5	0	2	4	1	1	1/16	True	-1	46	110	44	44b	5	213	False	True					False	258		i64	d	i		i64	i		64			m	True	True	(1, 0, -3)	()	0	1	minor	minor	i	i, minor	i		i	i	True	i64	i64, minor		i64, minor		i	i	1		2	2	2	2	3	D	A	D	D	minor triad	2	True	True	True	True	True	0	0	0	True	True	False
853	1	213.25	72	0	C	0	2.75	0	2	4	1	1	1/16	True	-1	46	110	44	44b	5	853/4	False	False					False	258		i64	d	i		i64	i		64			m	True	True	(1, 0, -3)	()	0	1	minor	minor	i	i, minor	i		i	i	True	i64	i64, minor		i64, minor		i	i	1		2	2	2	2	3	D	A	D	D	minor triad	2	True	True	True	True	True	-2	-2	-2	False	False	False
854	2	213.5	55	1	G	0	1.0	1	2	4	2	1	1/8	True	-1	47	111	45	45b	3	427/2	False	True					False	259		IV7	d	i		IV7	IV		7			Mm7	True	True	(-1, 3, 0, -3)	()	-1	-1	minor	minor	i	i, minor	IV		i	i	True	IV7	IV7, minor		IV7, minor		IV	IV7	4		2	2	2	1	1	G	G	D	D	dominant seventh chord	7	True	True	True	True	True	-1	-1	-1	True	True	True
854	2	213.5	71	5	B	0	1.0	1	2	4	1	1	1/8	True	-1	47	111	45	45b	4	427/2	False	True					False	259		IV7	d	i		IV7	IV		7			Mm7	True	True	(-1, 3, 0, -3)	()	-1	-1	minor	minor	i	i, minor	IV		i	i	True	IV7	IV7, minor		IV7, minor		IV	IV7	4		2	2	2	1	1	G	G	D	D	dominant seventh chord	7	True	True	True	True	True	3	3	3	True	False	False
856	2	214.0	61	7	C	1	1.5	0	2	4	2	1	1/8	True	-1	47	111	45	45b	4	214	False	True					False	260		V65	d	i		V65	V		65			Mm7	True	True	(5, 2, -1, 1)	()	1	5	minor	minor	i	i, minor	V		i	i	True	V65	V65, minor		V65, minor		V	V7	5		2	2	2	3	7	A	C#	D	D	dominant seventh chord	1	True	True	True	True	True	5	5	5	True	False	True
856	1	214.0	76	4	E	0	1.5	0	2	4	1	1	1/16	True	-1	47	111	45	45b	5	214	False	True					False	260		V65	d	i		V65	V		65			Mm7	True	True	(5, 2, -1, 1)	()	1	5	minor	minor	i	i, minor	V		i	i	True	V65	V65, minor		V65, minor		V	V7	5		2	2	2	3	7	A	C#	D	D	dominant seventh chord	1	True	True	True	True	True	2	2	2	True	False	False
857	1	214.25	74	2	D	0	1.75	0	2	4	1	1	1/16	True	-1	47	111	45	45b	5	857/4	False	False					False	260		V65	d	i		V65	V		65			Mm7	True	True	(5, 2, -1, 1)	()	1	5	minor	minor	i	i, minor	V		i	i	True	V65	V65, minor		V65, minor		V	V7	5		2	2	2	3	7	A	C#	D	D	dominant seventh chord	1	True	True	True	True	True	0	0	0	False	False	False
858	2	214.5	61	7	C	1	2.0	2	2	4	2	1	1/8	True	-1	47	111	45	45b	4	429/2	False	False					False	260		V65	d	i		V65	V		65			Mm7	True	True	(5, 2, -1, 1)	()	1	5	minor	minor	i	i, minor	V		i	i	True	V65	V65, minor		V65, minor		V	V7	5		2	2	2	3	7	A	C#	D	D	dominant seventh chord	1	True	True	True	True	True	5	5	5	True	False	True
858	1	214.5	76	4	E	0	2.0	2	2	4	1	1	1/16	True	-1	47	111	45	45b	5	429/2	False	False					False	260		V65	d	i		V65	V		65			Mm7	True	True	(5, 2, -1, 1)	()	1	5	minor	minor	i	i, minor	V		i	i	True	V65	V65, minor		V65, minor		V	V7	5		2	2	2	3	7	A	C#	D	D	dominant seventh chord	1	True	True	True	True	True	2	2	2	True	False	False
859	1	214.75	74	2	D	0	2.25	0	2	4	1	1	1/16	True	-1	47	111	45	45b	5	859/4	False	False					False	260		V65	d	i		V65	V		65			Mm7	True	True	(5, 2, -1, 1)	()	1	5	minor	minor	i	i, minor	V		i	i	True	V65	V65, minor		V65, minor		V	V7	5		2	2	2	3	7	A	C#	D	D	dominant seventh chord	1	True	True	True	True	True	0	0	0	False	False	False
860	2	215.0	55	1	G	0	2.5	0	2	4	2	1	1/8	True	-1	47	111	45	45b	3	215	False	True					False	261		V2	d	i		V2	V		2			Mm7	True	True	(-1, 1, 5, 2)	()	1	-1	minor	minor	i	i, minor	V		i	i	True	V2	V2, minor		V2, minor		V	V7	5		2	2	2	3	1	A	G	D	D	dominant seventh chord	3	True	True	True	True	True	-1	-1	-1	True	False	True
860	1	215.0	73	7	C	1	2.5	0	2	4	1	1	1/16	True	-1	47	111	45	45b	5	215	False	True					False	261		V2	d	i		V2	V		2			Mm7	True	True	(-1, 1, 5, 2)	()	1	-1	minor	minor	i	i, minor	V		i	i	True	V2	V2, minor		V2, minor		V	V7	5		2	2	2	3	1	A	G	D	D	dominant seventh chord	3	True	True	True	True	True	5	5	5	True	False	False
861	1	215.25	71	5	B	0	2.75	0	2	4	1	1	1/16	True	-1	47	111	45	45b	4	861/4	False	False					False	261		V2	d	i		V2	V		2			Mm7	True	True	(-1, 1, 5, 2)	()	1	-1	minor	minor	i	i, minor	V		i	i	True	V2	V2, minor		V2, minor		V	V7	5		2	2	2	3	1	A	G	D	D	dominant seventh chord	3	True	True	True	True	True	3	3	3	False	False	False
862	2	215.5	53	-1	F	0	1.0	1	2	4	2	1	1/8	True	-1	48	112	46	46b	3	431/2	False	True					False	262		i	d	i		i	i					m	True	True	(0, -3, 1)	()	0	0	minor	minor	i	i, minor	i		i	i	True	i	i, minor		i, minor		i	i	1		2	2	2	2	2	D	D	D	D	minor triad	0	True	True	True	True	True	-3	-3	-3	True	False	False
862	2	215.5	69	3	A	0	1.0	1	2	4	1	1	1/8	True	-1	48	112	46	46b	4	431/2	False	True					False	262		i	d	i		i	i					m	True	True	(0, -3, 1)	()	0	0	minor	minor	i	i, minor	i		i	i	True	i	i, minor		i, minor		i	i	1		2	2	2	2	2	D	D	D	D	minor triad	0	True	True	True	True	True	1	1	1	True	False	False
864	2	216.0	58	-2	B	-1	1.5	0	2	4	2	1	1/8	True	-1	48	112	46	46b	3	216	False	True					False	263		iv6	d	i		iv6	iv		6			m	True	True	(-4, 0, -1)	()	-1	-4	minor	minor	i	i, minor	iv		i	i	True	iv6	iv6, minor		iv6, minor		iv	iv	4		2	2	2	1	-2	G	Bb	D	D	minor triad	1	True	True	True	True	True	-4	-4	-4	True	False	True
864	1	216.0	74	2	D	0	1.5	0	2	4	1	1	1/16	True	-1	48	112	46	46b	5	216	False	True					False	263		iv6	d	i		iv6	iv		6			m	True	True	(-4, 0, -1)	()	-1	-4	minor	minor	i	i, minor	iv		i	i	True	iv6	iv6, minor		iv6, minor		iv	iv	4		2	2	2	1	-2	G	Bb	D	D	minor triad	1	True	True	True	True	True	0	0	0	True	False	False
865	1	216.25	72	0	C	0	1.75	0	2	4	1	1	1/16	True	-1	48	112	46	46b	5	865/4	False	False					False	263		iv6	d	i		iv6	iv		6			m	True	True	(-4, 0, -1)	()	-1	-4	minor	minor	i	i, minor	iv		i	i	True	iv6	iv6, minor		iv6, minor		iv	iv	4		2	2	2	1	-2	G	Bb	D	D	minor triad	1	True	True	True	True	True	-2	-2	-2	False	False	False
866	2	216.5	58	-2	B	-1	2.0	2	2	4	2	1	1/8	True	-1	48	112	46	46b	3	433/2	False	False					False	263		iv6	d	i		iv6	iv		6			m	True	True	(-4, 0, -1)	()	-1	-4	minor	minor	i	i, minor	iv		i	i	True	iv6	iv6, minor		iv6, minor		iv	iv	4		2	2	2	1	-2	G	Bb	D	D	minor triad	1	True	True	True	True	True	-4	-4	-4	True	False	True
866	1	216.5	74	2	D	0	2.0	2	2	4	1	1	1/16	True	-1	48	112	46	46b	5	433/2	False	False					False	263		iv6	d	i		iv6	iv		6			m	True	True	(-4, 0, -1)	()	-1	-4	minor	minor	i	i, minor	iv		i	i	True	iv6	iv6, minor		iv6, minor		iv	iv	4		2	2	2	1	-2	G	Bb	D	D	minor triad	1	True	True	True	True	True	0	0	0	True	False	False
867	1	216.75	72	0	C	0	2.25	0	2	4	1	1	1/16	True	-1	48	112	46	46b	5	867/4	False	False					False	263		iv6	d	i		iv6	iv		6			m	True	True	(-4, 0, -1)	()	-1	-4	minor	minor	i	i, minor	iv		i	i	True	iv6	iv6, minor		iv6, minor		iv	iv	4		2	2	2	1	-2	G	Bb	D	D	minor triad	1	True	True	True	True	True	-2	-2	-2	False	False	False
868	2	217.0	53	-1	F	0	2.5	0	2	4	2	1	1/8	True	-1	48	112	46	46b	3	217	False	True					False	264		iv2	d	i		iv2	iv		2			mm7	True	True	(-3, -1, -4, 0)	()	-1	-3	minor	minor	i	i, minor	iv		i	i	True	iv2	iv2, minor		iv2, minor		iv	iv7	4		2	2	2	1	-1	G	F	D	D		3	True	True	True	True	True	-3	-3	-3	True	False	True
868	1	217.0	70	-2	B	-1	2.5	0	2	4	1	1	1/16	True	-1	48	112	46	46b	4	217	False	True					False	264		iv2	d	i		iv2	iv		2			mm7	True	True	(-3, -1, -4, 0)	()	-1	-3	minor	minor	i	i, minor	iv		i	i	True	iv2	iv2, minor		iv2, minor		iv	iv7	4		2	2	2	1	-1	G	F	D	D		3	True	True	True	True	True	-4	-4	-4	True	False	False
869	1	217.25	69	3	A	0	2.75	0	2	4	1	1	1/16	True	-1	48	112	46	46b	4	869/4	False	False					False	264		iv2	d	i		iv2	iv		2			mm7	True	True	(-3, -1, -4, 0)	()	-1	-3	minor	minor	i	i, minor	iv		i	i	True	iv2	iv2, minor		iv2, minor		iv	iv7	4		2	2	2	1	-1	G	F	D	D		3	True	True	True	True	True	1	1	1	False	False	False
870	2	217.5	52	4	E	0	1.0	1	2	4	2	1	1/8	True	-1	49	113	47	47b	3	435/2	False	True					False	265		V43	d	i		V43	V		43			Mm7	True	True	(2, -1, 1, 5)	()	1	2	minor	minor	i	i, minor	V		i	i	True	V43	V43, minor		V43, minor		V	V7	5		2	2	2	3	4	A	E	D	D	dominant seventh chord	2	True	True	True	True	True	2	2	2	True	False	True
870	1	217.5	67	1	G	0	1.0	1	2	4	1	1	1/16	True	-1	49	113	47	47b	4	435/2	False	True					False	265		V43	d	i		V43	V		43			Mm7	True	True	(2, -1, 1, 5)	()	1	2	minor	minor	i	i, minor	V		i	i	True	V43	V43, minor		V43, minor		V	V7	5		2	2	2	3	4	A	E	D	D	dominant seventh chord	2	True	True	True	True	True	-1	-1	-1	True	False	False
871	1	217.75	70	-2	B	-1	1.25	0	2	4	1	1	1/16	True	-1	49	113	47	47b	4	871/4	False	False					False	265		V43	d	i		V43	V		43			Mm7	True	True	(2, -1, 1, 5)	()	1	2	minor	minor	i	i, minor	V		i	i	True	V43	V43, minor		V43, minor		V	V7	5		2	2	2	3	4	A	E	D	D	dominant seventh chord	2	True	True	True	True	True	-4	-4	-4	False	False	False
872	2	218.0	49	7	C	1	1.5	0	2	4	2	1	1/8	True	-1	49	113	47	47b	3	218	False	True					False	266		V65	d	i		V65	V		65			Mm7	True	True	(5, 2, -1, 1)	()	1	5	minor	minor	i	i, minor	V		i	i	True	V65	V65, minor		V65, minor		V	V7	5		2	2	2	3	7	A	C#	D	D	dominant seventh chord	1	True	True	True	True	True	5	5	5	True	False	True
872	1	218.0	69	3	A	0	1.5	0	2	4	1	1	1/16	True	-1	49	113	47	47b	4	218	False	True					False	266		V65	d	i		V65	V		65			Mm7	True	True	(5, 2, -1, 1)	()	1	5	minor	minor	i	i, minor	V		i	i	True	V65	V65, minor		V65, minor		V	V7	5		2	2	2	3	7	A	C#	D	D	dominant seventh chord	1	True	True	True	True	True	1	1	1	True	True	False
873	1	218.25	67	1	G	0	1.75	0	2	4	1	1	1/16	True	-1	49	113	47	47b	4	873/4	False	False					False	266		V65	d	i		V65	V		65			Mm7	True	True	(5, 2, -1, 1)	()	1	5	minor	minor	i	i, minor	V		i	i	True	V65	V65, minor		V65, minor		V	V7	5		2	2	2	3	7	A	C#	D	D	dominant seventh chord	1	True	True	True	True	True	-1	-1	-1	True	False	False
874	2	218.5	50	2	D	0	2.0	2	2	4	2	1	1/8	True	-1	49	113	47	47b	3	437/2	False	True					False	267		i	d	i		i	i					m	True	True	(0, -3, 1)	()	0	0	minor	minor	i	i, minor	i		i	i	True	i	i, minor		i, minor		i	i	1		2	2	2	2	2	D	D	D	D	minor triad	0	True	True	True	True	True	0	0	0	True	True	True
874	3	218.5	65	-1	F	0	2.0	2	2	4	1	1	3/16	True	-1	49	113	47	47b	4	437/2	False	True					False	267		i	d	i		i	i					m	True	True	(0, -3, 1)	()	0	0	minor	minor	i	i, minor	i		i	i	True	i	i, minor		i, minor		i	i	1		2	2	2	2	2	D	D	D	D	minor triad	0	True	True	True	True	True	-3	-3	-3	True	False	False
876	2	219.0	38	2	D	0	2.5	0	2	4	2	1	1/8	True	-1	49	113	47	47b	2	219	False	False					False	267		i	d	i		i	i					m	True	True	(0, -3, 1)	()	0	0	minor	minor	i	i, minor	i		i	i	True	i	i, minor		i, minor		i	i	1		2	2	2	2	2	D	D	D	D	minor triad	0	True	True	True	True	True	0	0	0	True	True	True
877	1	219.25	64	4	E	0	2.75	0	2	4	1	1	1/16	True	-1	49	113	47	47b	4	877/4	False	False					False	267		i	d	i		i	i					m	True	True	(0, -3, 1)	()	0	0	minor	minor	i	i, minor	i		i	i	True	i	i, minor		i, minor		i	i	1		2	2	2	2	2	D	D	D	D	minor triad	0	True	True	True	True	True	2	2	2	False	False	False
878	2	219.5	45	3	A	0	1.0	1	2	4	2	1	1/8	True	-1	50	114	48	48b	2	439/2	False	True	HC.SIM	HC	SIM	}	True	268		V|HC.SIM}	d	i		V	V					M	True	True	(1, 5, 2)	()	1	1	minor	minor	i	i, minor	V		i	i	True	V	V, minor		V, minor		V	V	5		2	2	2	3	3	A	A	D	D	major triad	0	True	True	True	True	True	1	1	1	True	True	True
878	2	219.5	57	3	A	0	1.0	1	2	4	1	1	1/8	True	-1	50	114	48	48b	3	439/2	False	True	HC.SIM	HC	SIM	}	True	268		V|HC.SIM}	d	i		V	V					M	True	True	(1, 5, 2)	()	1	1	minor	minor	i	i, minor	V		i	i	True	V	V, minor		V, minor		V	V	5		2	2	2	3	3	A	A	D	D	major triad	0	True	True	True	True	True	1	1	1	True	True	True
878	2	219.5	61	7	C	1	1.0	1	2	4	1	1	1/8	True	-1	50	114	48	48b	4	439/2	False	True	HC.SIM	HC	SIM	}	True	268		V|HC.SIM}	d	i		V	V					M	True	True	(1, 5, 2)	()	1	1	minor	minor	i	i, minor	V		i	i	True	V	V, minor		V, minor		V	V	5		2	2	2	3	3	A	A	D	D	major triad	0	True	True	True	True	True	5	5	5	True	False	False
878	2	219.5	64	4	E	0	1.0	1	2	4	1	1	1/8	True	-1	50	114	48	48b	4	439/2	False	True	HC.SIM	HC	SIM	}	True	268		V|HC.SIM}	d	i		V	V					M	True	True	(1, 5, 2)	()	1	1	minor	minor	i	i, minor	V		i	i	True	V	V, minor		V, minor		V	V	5		2	2	2	3	3	A	A	D	D	major triad	0	True	True	True	True	True	2	2	2	True	False	False
880	2	220.0	57	3	A	0	1.5	0	2	4	2	1	1/8	True	-1	50	114	48	48b	3	220	False	False				{	False	269		{	d	i		V	V					M	True	True	()	()	1	1	minor	minor	i	i, minor	V		i	i	True		, minor		V, minor		V	V	5		2	2	2	3	3	A	A	D	D	None	0	False	True	True	True	True	1	1	1	False	True	True
880	1	220.0	69	3	A	0	1.5	0	2	4	1	1	1/16	True	-1	50	114	48	48b	4	220	False	False				{	False	269		{	d	i		V	V					M	True	True	()	()	1	1	minor	minor	i	i, minor	V		i	i	True		, minor		V, minor		V	V	5		2	2	2	3	3	A	A	D	D	None	0	False	True	True	True	True	1	1	1	False	True	True
881	1	220.25	71	5	B	0	1.75	0	2	4	1	1	1/16	True	-1	50	114	48	48b	4	881/4	False	False					False	269		{	d	i		V	V					M	True	True	()	()	1	1	minor	minor	i	i, minor	V		i	i	True		, minor		V, minor		V	V	5		2	2	2	3	3	A	A	D	D	None	0	False	True	True	True	True	3	3	3	False	False	False
882	2	220.5	57	3	A	0	2.0	2	2	4	2	1	1/8	True	-1	50	114	48	48b	3	441/2	False	False					False	269		{	d	i		V	V					M	True	True	()	()	1	1	minor	minor	i	i, minor	V		i	i	True		, minor		V, minor		V	V	5		2	2	2	3	3	A	A	D	D	None	0	False	True	True	True	True	1	1	1	False	True	True
882	1	220.5	73	7	C	1	2.0	2	2	4	1	1	1/16	True	-1	50	114	48	48b	5	441/2	False	False					False	269		{	d	i		V	V					M	True	True	()	()	1	1	minor	minor	i	i, minor	V		i	i	True		, minor		V, minor		V	V	5		2	2	2	3	3	A	A	D	D	None	0	False	True	True	True	True	5	5	5	False	False	False
883	1	220.75	74	2	D	0	2.25	0	2	4	1	1	1/16	True	-1	50	114	48	48b	5	883/4	False	False					False	269		{	d	i		V	V					M	True	True	()	()	1	1	minor	minor	i	i, minor	V		i	i	True		, minor		V, minor		V	V	5		2	2	2	3	3	A	A	D	D	None	0	False	True	True	True	True	0	0	0	False	False	False
884	2	221.0	52	4	E	0	2.5	0	2	4	2	1	1/8	True	-1	50	114	48	48b	3	221	False	True					False	270		V43	d	i		V43	V		43			Mm7	True	True	(2, -1, 1, 5)	()	1	2	minor	minor	i	i, minor	V		i	i	True	V43	V43, minor		V43, minor		V	V7	5		2	2	2	3	4	A	E	D	D	dominant seventh chord	2	True	True	True	True	True	2	2	2	True	False	True
884	1	221.0	71	5	B	0	2.5	0	2	4	1	1	1/16	True	-1	50	114	48	48b	4	221	False	True					False	270		V43	d	i		V43	V		43			Mm7	True	True	(2, -1, 1, 5)	()	1	2	minor	minor	i	i, minor	V		i	i	True	V43	V43, minor		V43, minor		V	V7	5		2	2	2	3	4	A	E	D	D	dominant seventh chord	2	True	True	True	True	True	3	3	3	False	False	False
885	1	221.25	73	7	C	1	2.75	0	2	4	1	1	1/16	True	-1	50	114	48	48b	5	885/4	False	False					False	270		V43	d	i		V43	V		43			Mm7	True	True	(2, -1, 1, 5)	()	1	2	minor	minor	i	i, minor	V		i	i	True	V43	V43, minor		V43, minor		V	V7	5		2	2	2	3	4	A	E	D	D	dominant seventh chord	2	True	True	True	True	True	5	5	5	True	False	False
886	2	221.5	53	-1	F	0	1.0	1	2	4	2	1	1/8	True	-1	51	115	49	49b	3	443/2	False	True					False	271		i6	d	i		i6	i		6			m	True	True	(-3, 1, 0)	()	0	-3	minor	minor	i	i, minor	i		i	i	True	i6	i6, minor		i6, minor		i	i	1		2	2	2	2	-1	D	F	D	D	minor triad	1	True	True	True	True	True	-3	-3	-3	True	False	True
886	1	221.5	74	2	D	0	1.0	1	2	4	1	1	1/16	True	-1	51	115	49	49b	5	443/2	False	True					False	271		i6	d	i		i6	i		6			m	True	True	(-3, 1, 0)	()	0	-3	minor	minor	i	i, minor	i		i	i	True	i6	i6, minor		i6, minor		i	i	1		2	2	2	2	-1	D	F	D	D	minor triad	1	True	True	True	True	True	0	0	0	True	True	False
887	1	221.75	76	4	E	0	1.25	0	2	4	1	1	1/16	True	-1	51	115	49	49b	5	887/4	False	False					False	271		i6	d	i		i6	i		6			m	True	True	(-3, 1, 0)	()	0	-3	minor	minor	i	i, minor	i		i	i	True	i6	i6, minor		i6, minor		i	i	1		2	2	2	2	-1	D	F	D	D	minor triad	1	True	True	True	True	True	2	2	2	False	False	False
888	2	222.0	57	3	A	0	1.5	0	2	4	2	1	1/8	True	-1	51	115	49	49b	3	222	False	True					False	272		V	d	i		V	V					M	True	True	(1, 5, 2)	()	1	1	minor	minor	i	i, minor	V		i	i	True	V	V, minor		V, minor		V	V	5		2	2	2	3	3	A	A	D	D	major triad	0	True	True	True	True	True	1	1	1	True	True	True
888	1	222.0	73	7	C	1	1.5	0	2	4	1	1	1/16	True	-1	51	115	49	49b	5	222	False	True					False	272		V	d	i		V	V					M	True	True	(1, 5, 2)	()	1	1	minor	minor	i	i, minor	V		i	i	True	V	V, minor		V, minor		V	V	5		2	2	2	3	3	A	A	D	D	major triad	0	True	True	True	True	True	5	5	5	True	False	False
889	1	222.25	74	2	D	0	1.75	0	2	4	1	1	1/16	True	-1	51	115	49	49b	5	889/4	False	False					False	272		V	d	i		V	V					M	True	True	(1, 5, 2)	()	1	1	minor	minor	i	i, minor	V		i	i	True	V	V, minor		V, minor		V	V	5		2	2	2	3	3	A	A	D	D	major triad	0	True	True	True	True	True	0	0	0	False	False	False
890	2	222.5	57	3	A	0	2.0	2	2	4	2	1	1/8	True	-1	51	115	49	49b	3	445/2	False	False					False	272		V	d	i		V	V					M	True	True	(1, 5, 2)	()	1	1	minor	minor	i	i, minor	V		i	i	True	V	V, minor		V, minor		V	V	5		2	2	2	3	3	A	A	D	D	major triad	0	True	True	True	True	True	1	1	1	True	True	True
890	1	222.5	76	4	E	0	2.0	2	2	4	1	1	1/16	True	-1	51	115	49	49b	5	445/2	False	False					False	272		V	d	i		V	V					M	True	True	(1, 5, 2)	()	1	1	minor	minor	i	i, minor	V		i	i	True	V	V, minor		V, minor		V	V	5		2	2	2	3	3	A	A	D	D	major triad	0	True	True	True	True	True	2	2	2	True	False	False
891	1	222.75	77	-1	F	0	2.25	0	2	4	1	1	1/16	True	-1	51	115	49	49b	5	891/4	False	False					False	272		V	d	i		V	V					M	True	True	(1, 5, 2)	()	1	1	minor	minor	i	i, minor	V		i	i	True	V	V, minor		V, minor		V	V	5		2	2	2	3	3	A	A	D	D	major triad	0	True	True	True	True	True	-3	-3	-3	False	False	False
892	2	223.0	49	7	C	1	2.5	0	2	4	2	1	1/8	True	-1	51	115	49	49b	3	223	False	True					False	273		V65	d	i		V65	V		65			Mm7	True	True	(5, 2, -1, 1)	()	1	5	minor	minor	i	i, minor	V		i	i	True	V65	V65, minor		V65, minor		V	V7	5		2	2	2	3	7	A	C#	D	D	dominant seventh chord	1	True	True	True	True	True	5	5	5	True	False	True
892	1	223.0	74	2	D	0	2.5	0	2	4	1	1	1/16	True	-1	51	115	49	49b	5	223	False	True					False	273		V65	d	i		V65	V		65			Mm7	True	True	(5, 2, -1, 1)	()	1	5	minor	minor	i	i, minor	V		i	i	True	V65	V65, minor		V65, minor		V	V7	5		2	2	2	3	7	A	C#	D	D	dominant seventh chord	1	True	True	True	True	True	0	0	0	False	False	False
893	1	223.25	76	4	E	0	2.75	0	2	4	1	1	1/16	True	-1	51	115	49	49b	5	893/4	False	False					False	273		V65	d	i		V65	V		65			Mm7	True	True	(5, 2, -1, 1)	()	1	5	minor	minor	i	i, minor	V		i	i	True	V65	V65, minor		V65, minor		V	V7	5		2	2	2	3	7	A	C#	D	D	dominant seventh chord	1	True	True	True	True	True	2	2	2	True	False	False
894	0	223.5	76	4	E	0	1.0	1	2	4	1	1	0	True	-1	52	116	50	50b	5	447/2	False	True					False	274		i	d	i		i	i					m	True	True	(0, -3, 1)	()	0	0	minor	minor	i	i, minor	i		i	i	True	i	i, minor		i, minor		i	i	1		2	2	2	2	2	D	D	D	D	minor triad	0	True	True	True	True	True	2	2	2	False	False	False
894	2	223.5	50	2	D	0	1.0	1	2	4	2	1	1/8	True	-1	52	116	50	50b	3	447/2	False	True					False	274		i	d	i		i	i					m	True	True	(0, -3, 1)	()	0	0	minor	minor	i	i, minor	i		i	i	True	i	i, minor		i, minor		i	i	1		2	2	2	2	2	D	D	D	D	minor triad	0	True	True	True	True	True	0	0	0	True	True	True
894	2	223.5	77	-1	F	0	1.0	1	2	4	1	1	1/8	True	-1	52	116	50	50b	5	447/2	False	True					False	274		i	d	i		i	i					m	True	True	(0, -3, 1)	()	0	0	minor	minor	i	i, minor	i		i	i	True	i	i, minor		i, minor		i	i	1		2	2	2	2	2	D	D	D	D	minor triad	0	True	True	True	True	True	-3	-3	-3	True	False	False
896	1	224.0	50	2	D	0	1.5	0	2	4	2	1	1/16	True	-1	52	116	50	50b	3	224	False	False					False	274		i	d	i		i	i					m	True	True	(0, -3, 1)	()	0	0	minor	minor	i	i, minor	i		i	i	True	i	i, minor		i, minor		i	i	1		2	2	2	2	2	D	D	D	D	minor triad	0	True	True	True	True	True	0	0	0	True	True	True
896	2	224.0	86	2	D	0	1.5	0	2	4	1	1	1/8	True	-1	52	116	50	50b	6	224	False	False					False	274		i	d	i		i	i					m	True	True	(0, -3, 1)	()	0	0	minor	minor	i	i, minor	i		i	i	True	i	i, minor		i, minor		i	i	1		2	2	2	2	2	D	D	D	D	minor triad	0	True	True	True	True	True	0	0	0	True	True	True
897	1	224.25	52	4	E	0	1.75	0	2	4	2	1	1/16	True	-1	52	116	50	50b	3	897/4	False	False					False	274		i	d	i		i	i					m	True	True	(0, -3, 1)	()	0	0	minor	minor	i	i, minor	i		i	i	True	i	i, minor		i, minor		i	i	1		2	2	2	2	2	D	D	D	D	minor triad	0	True	True	True	True	True	2	2	2	False	False	False
898	1	224.5	54	6	F	1	2.0	2	2	4	2	1	1/16	True	-1	52	116	50	50b	3	449/2	False	True					False	275		V65/iv	d	i		V65/iv	V		65		iv	Mm7	True	True	(4, 1, -2, 0)	()	0	4	minor	minor	i	i, minor	V/iv	iv	iv/i	iv	True	V65/iv	V65/iv, minor		V65/iv, minor	iv	iv	V7	5	4	2	2	1	2	6	D	F#	D	G	dominant seventh chord	1	True	True	True	True	True	4	4	5	True	False	True
898	2	224.5	86	2	D	0	2.0	2	2	4	1	1	1/8	True	-1	52	116	50	50b	6	449/2	False	True					False	275		V65/iv	d	i		V65/iv	V		65		iv	Mm7	True	True	(4, 1, -2, 0)	()	0	4	minor	minor	i	i, minor	V/iv	iv	iv/i	iv	True	V65/iv	V65/iv, minor		V65/iv, minor	iv	iv	V7	5	4	2	2	1	2	6	D	F#	D	G	dominant seventh chord	1	True	True	True	True	True	0	0	1	True	True	False
899	1	224.75	55	1	G	0	2.25	0	2	4	2	1	1/16	True	-1	52	116	50	50b	3	899/4	False	False					False	275		V65/iv	d	i		V65/iv	V		65		iv	Mm7	True	True	(4, 1, -2, 0)	()	0	4	minor	minor	i	i, minor	V/iv	iv	iv/i	iv	True	V65/iv	V65/iv, minor		V65/iv, minor	iv	iv	V7	5	4	2	2	1	2	6	D	F#	D	G	dominant seventh chord	1	True	True	True	True	True	-1	-1	0	False	False	False
900	1	225.0	52	4	E	0	2.5	0	2	4	2	1	1/16	True	-1	52	116	50	50b	3	225	False	False					False	275		V65/iv	d	i		V65/iv	V		65		iv	Mm7	True	True	(4, 1, -2, 0)	()	0	4	minor	minor	i	i, minor	V/iv	iv	iv/i	iv	True	V65/iv	V65/iv, minor		V65/iv, minor	iv	iv	V7	5	4	2	2	1	2	6	D	F#	D	G	dominant seventh chord	1	True	True	True	True	True	2	2	3	False	False	False
900	2	225.0	81	3	A	0	2.5	0	2	4	1	1	1/8	True	-1	52	116	50	50b	5	225	False	False					False	275		V65/iv	d	i		V65/iv	V		65		iv	Mm7	True	True	(4, 1, -2, 0)	()	0	4	minor	minor	i	i, minor	V/iv	iv	iv/i	iv	True	V65/iv	V65/iv, minor		V65/iv, minor	iv	iv	V7	5	4	2	2	1	2	6	D	F#	D	G	dominant seventh chord	1	True	True	True	True	True	1	1	2	True	False	False
901	1	225.25	54	6	F	1	2.75	0	2	4	2	1	1/16	True	-1	52	116	50	50b	3	901/4	False	False					False	275		V65/iv	d	i		V65/iv	V		65		iv	Mm7	True	True	(4, 1, -2, 0)	()	0	4	minor	minor	i	i, minor	V/iv	iv	iv/i	iv	True	V65/iv	V65/iv, minor		V65/iv, minor	iv	iv	V7	5	4	2	2	1	2	6	D	F#	D	G	dominant seventh chord	1	True	True	True	True	True	4	4	5	True	False	True
902	1	225.5	55	1	G	0	1.0	1	2	4	2	1	1/16	True	-1	53	117	51	51b	3	451/2	False	True					False	276		iv	d	i		iv	iv					m	True	True	(-1, -4, 0)	()	-1	-1	minor	minor	i	i, minor	iv		i	i	True	iv	iv, minor		iv, minor		iv	iv	4		2	2	2	1	1	G	G	D	D	minor triad	0	True	True	True	True	True	-1	-1	-1	True	True	True
902	2	225.5	82	-2	B	-1	1.0	1	2	4	1	1	1/8	True	-1	53	117	51	51b	5	451/2	False	True					False	276		iv	d	i		iv	iv					m	True	True	(-1, -4, 0)	()	-1	-1	minor	minor	i	i, minor	iv		i	i	True	iv	iv, minor		iv, minor		iv	iv	4		2	2	2	1	1	G	G	D	D	minor triad	0	True	True	True	True	True	-4	-4	-4	True	False	False
903	1	225.75	57	3	A	0	1.25	0	2	4	2	1	1/16	True	-1	53	117	51	51b	3	903/4	False	False					False	276		iv	d	i		iv	iv					m	True	True	(-1, -4, 0)	()	-1	-1	minor	minor	i	i, minor	iv		i	i	True	iv	iv, minor		iv, minor		iv	iv	4		2	2	2	1	1	G	G	D	D	minor triad	0	True	True	True	True	True	1	1	1	False	False	False
904	1	226.0	54	6	F	1	1.5	0	2	4	2	1	1/16	True	-1	53	117	51	51b	3	226	False	False					False	276		iv	d	i		iv	iv					m	True	True	(-1, -4, 0)	()	-1	-1	minor	minor	i	i, minor	iv		i	i	True	iv	iv, minor		iv, minor		iv	iv	4		2	2	2	1	1	G	G	D	D	minor triad	0	True	True	True	True	True	4	4	4	False	False	False
904	2	226.0	86	2	D	0	1.5	0	2	4	1	1	1/8	True	-1	53	117	51	51b	6	226	False	False					False	276		iv	d	i		iv	iv					m	True	True	(-1, -4, 0)	()	-1	-1	minor	minor	i	i, minor	iv		i	i	True	iv	iv, minor		iv, minor		iv	iv	4		2	2	2	1	1	G	G	D	D	minor triad	0	True	True	True	True	True	0	0	0	True	False	False
905	1	226.25	55	1	G	0	1.75	0	2	4	2	1	1/16	True	-1	53	117	51	51b	3	905/4	False	False					False	276		iv	d	i		iv	iv					m	True	True	(-1, -4, 0)	()	-1	-1	minor	minor	i	i, minor	iv		i	i	True	iv	iv, minor		iv, minor		iv	iv	4		2	2	2	1	1	G	G	D	D	minor triad	0	True	True	True	True	True	-1	-1	-1	True	True	True
906	1	226.5	57	3	A	0	2.0	2	2	4	2	1	1/16	True	-1	53	117	51	51b	3	453/2	False	True					False	277		V65/iv	d	i		V65/iv	V		65		iv	Mm7	True	True	(4, 1, -2, 0)	()	0	4	minor	minor	i	i, minor	V/iv	iv	iv/i	iv	True	V65/iv	V65/iv, minor		V65/iv, minor	iv	iv	V7	5	4	2	2	1	2	6	D	F#	D	G	dominant seventh chord	1	True	True	True	True	True	1	1	2	True	False	False
906	2	226.5	86	2	D	0	2.0	2	2	4	1	1	1/8	True	-1	53	117	51	51b	6	453/2	False	True					False	277		V65/iv	d	i		V65/iv	V		65		iv	Mm7	True	True	(4, 1, -2, 0)	()	0	4	minor	minor	i	i, minor	V/iv	iv	iv/i	iv	True	V65/iv	V65/iv, minor		V65/iv, minor	iv	iv	V7	5	4	2	2	1	2	6	D	F#	D	G	dominant seventh chord	1	True	True	True	True	True	0	0	1	True	True	False
907	1	226.75	58	-2	B	-1	2.25	0	2	4	2	1	1/16	True	-1	53	117	51	51b	3	907/4	False	False					False	277		V65/iv	d	i		V65/iv	V		65		iv	Mm7	True	True	(4, 1, -2, 0)	()	0	4	minor	minor	i	i, minor	V/iv	iv	iv/i	iv	True	V65/iv	V65/iv, minor		V65/iv, minor	iv	iv	V7	5	4	2	2	1	2	6	D	F#	D	G	dominant seventh chord	1	True	True	True	True	True	-4	-4	-3	False	False	False
908	1	227.0	55	1	G	0	2.5	0	2	4	2	1	1/16	True	-1	53	117	51	51b	3	227	False	False					False	277		V65/iv	d	i		V65/iv	V		65		iv	Mm7	True	True	(4, 1, -2, 0)	()	0	4	minor	minor	i	i, minor	V/iv	iv	iv/i	iv	True	V65/iv	V65/iv, minor		V65/iv, minor	iv	iv	V7	5	4	2	2	1	2	6	D	F#	D	G	dominant seventh chord	1	True	True	True	True	True	-1	-1	0	False	False	False
908	2	227.0	78	6	F	1	2.5	0	2	4	1	1	1/8	True	-1	53	117	51	51b	5	227	False	False					False	277		V65/iv	d	i		V65/iv	V		65		iv	Mm7	True	True	(4, 1, -2, 0)	()	0	4	minor	minor	i	i, minor	V/iv	iv	iv/i	iv	True	V65/iv	V65/iv, minor		V65/iv, minor	iv	iv	V7	5	4	2	2	1	2	6	D	F#	D	G	dominant seventh chord	1	True	True	True	True	True	4	4	5	True	False	True
909	1	227.25	57	3	A	0	2.75	0	2	4	2	1	1/16	True	-1	53	117	51	51b	3	909/4	False	False					False	277		V65/iv	d	i		V65/iv	V		65		iv	Mm7	True	True	(4, 1, -2, 0)	()	0	4	minor	minor	i	i, minor	V/iv	iv	iv/i	iv	True	V65/iv	V65/iv, minor		V65/iv, minor	iv	iv	V7	5	4	2	2	1	2	6	D	F#	D	G	dominant seventh chord	1	True	True	True	True	True	1	1	2	True	False	False
910	2	227.5	58	-2	B	-1	1.0	1	2	4	2	1	1/8	True	-1	54	118	52	52b	3	455/2	False	True					False	278		iv6	d	i		iv6	iv		6			m	True	True	(-4, 0, -1)	()	-1	-4	minor	minor	i	i, minor	iv		i	i	True	iv6	iv6, minor		iv6, minor		iv	iv	4		2	2	2	1	-2	G	Bb	D	D	minor triad	1	True	True	True	True	True	-4	-4	-4	True	False	True
910	2	227.5	79	1	G	0	1.0	1	2	4	1	1	1/8	True	-1	54	118	52	52b	5	455/2	False	True					False	278		iv6	d	i		iv6	iv		6			m	True	True	(-4, 0, -1)	()	-1	-4	minor	minor	i	i, minor	iv		i	i	True	iv6	iv6, minor		iv6, minor		iv	iv	4		2	2	2	1	-2	G	Bb	D	D	minor triad	1	True	True	True	True	True	-1	-1	-1	True	True	False
912	1	228.0	67	1	G	0	1.5	0	2	4	2	1	1/16	True	-1	54	118	52	52b	4	228	False	True					False	279		iv	d	i		iv	iv					m	True	True	(-1, -4, 0)	()	-1	-1	minor	minor	i	i, minor	iv		i	i	True	iv	iv, minor		iv, minor		iv	iv	4		2	2	2	1	1	G	G	D	D	minor triad	0	True	True	True	True	True	-1	-1	-1	True	True	True
912	2	228.0	82	-2	B	-1	1.5	0	2	4	1	1	1/8	True	-1	54	118	52	52b	5	228	False	True					False	279		iv	d	i		iv	iv					m	True	True	(-1, -4, 0)	()	-1	-1	minor	minor	i	i, minor	iv		i	i	True	iv	iv, minor		iv, minor		iv	iv	4		2	2	2	1	1	G	G	D	D	minor triad	0	True	True	True	True	True	-4	-4	-4	True	False	False
913	1	228.25	65	-1	F	0	1.75	0	2	4	2	1	1/16	True	-1	54	118	52	52b	4	913/4	False	False					False	279		iv	d	i		iv	iv					m	True	True	(-1, -4, 0)	()	-1	-1	minor	minor	i	i, minor	iv		i	i	True	iv	iv, minor		iv, minor		iv	iv	4		2	2	2	1	1	G	G	D	D	minor triad	0	True	True	True	True	True	-3	-3	-3	False	False	False
914	1	228.5	67	1	G	0	2.0	2	2	4	2	1	1/16	True	-1	54	118	52	52b	4	457/2	False	False					False	279		iv	d	i		iv	iv					m	True	True	(-1, -4, 0)	()	-1	-1	minor	minor	i	i, minor	iv		i	i	True	iv	iv, minor		iv, minor		iv	iv	4		2	2	2	1	1	G	G	D	D	minor triad	0	True	True	True	True	True	-1	-1	-1	True	True	True
914	2	228.5	82	-2	B	-1	2.0	2	2	4	1	1	1/8	True	-1	54	118	52	52b	5	457/2	False	False					False	279		iv	d	i		iv	iv					m	True	True	(-1, -4, 0)	()	-1	-1	minor	minor	i	i, minor	iv		i	i	True	iv	iv, minor		iv, minor		iv	iv	4		2	2	2	1	1	G	G	D	D	minor triad	0	True	True	True	True	True	-4	-4	-4	True	False	False
915	1	228.75	65	-1	F	0	2.25	0	2	4	2	1	1/16	True	-1	54	118	52	52b	4	915/4	False	False					False	279		iv	d	i		iv	iv					m	True	True	(-1, -4, 0)	()	-1	-1	minor	minor	i	i, minor	iv		i	i	True	iv	iv, minor		iv, minor		iv	iv	4		2	2	2	1	1	G	G	D	D	minor triad	0	True	True	True	True	True	-3	-3	-3	False	False	False
916	1	229.0	64	4	E	0	2.5	0	2	4	2	1	1/16	True	-1	54	118	52	52b	4	229	False	False					False	279		iv	d	i		iv	iv					m	True	True	(-1, -4, 0)	()	-1	-1	minor	minor	i	i, minor	iv		i	i	True	iv	iv, minor		iv, minor		iv	iv	4		2	2	2	1	1	G	G	D	D	minor triad	0	True	True	True	True	True	2	2	2	False	False	False
916	2	229.0	77	-1	F	0	2.5	0	2	4	1	1	1/8	True	-1	54	118	52	52b	5	229	False	False					False	279		iv	d	i		iv	iv					m	True	True	(-1, -4, 0)	()	-1	-1	minor	minor	i	i, minor	iv		i	i	True	iv	iv, minor		iv, minor		iv	iv	4		2	2	2	1	1	G	G	D	D	minor triad	0	True	True	True	True	True	-3	-3	-3	False	False	False
917	1	229.25	62	2	D	0	2.75	0	2	4	2	1	1/16	True	-1	54	118	52	52b	4	917/4	False	False					False	279		iv	d	i		iv	iv					m	True	True	(-1, -4, 0)	()	-1	-1	minor	minor	i	i, minor	iv		i	i	True	iv	iv, minor		iv, minor		iv	iv	4		2	2	2	1	1	G	G	D	D	minor triad	0	True	True	True	True	True	0	0	0	True	False	False
918	2	229.5	61	7	C	1	1.0	1	2	4	2	1	1/8	True	-1	55	119	53	53b	4	459/2	False	True					False	280		#vii%7	d	i		#vii%7	#vii	%	7			%7	True	True	(5, 2, -1, 3)	()	5	5	minor	minor	i	i, minor	#vii		i	i	True	#vii%7	#vii%7, minor		#vii%7, minor		#vii	vii%7	#7		2	2	2	7	7	C#	C#	D	D	half-diminished seventh chord	7	True	True	True	True	True	5	5	5	True	True	True
918	2	229.5	76	4	E	0	1.0	1	2	4	1	1	1/8	True	-1	55	119	53	53b	5	459/2	False	True					False	280		#vii%7	d	i		#vii%7	#vii	%	7			%7	True	True	(5, 2, -1, 3)	()	5	5	minor	minor	i	i, minor	#vii		i	i	True	#vii%7	#vii%7, minor		#vii%7, minor		#vii	vii%7	#7		2	2	2	7	7	C#	C#	D	D	half-diminished seventh chord	7	True	True	True	True	True	2	2	2	True	False	False
920	1	230.0	65	-1	F	0	1.5	0	2	4	2	1	1/16	True	-1	55	119	53	53b	4	230	False	True					False	281		i6	d	i		i6	i		6			m	True	True	(-3, 1, 0)	()	0	-3	minor	minor	i	i, minor	i		i	i	True	i6	i6, minor		i6, minor		i	i	1		2	2	2	2	-1	D	F	D	D	minor triad	1	True	True	True	True	True	-3	-3	-3	True	False	True
920	2	230.0	81	3	A	0	1.5	0	2	4	1	1	1/8	True	-1	55	119	53	53b	5	230	False	True					False	281		i6	d	i		i6	i		6			m	True	True	(-3, 1, 0)	()	0	-3	minor	minor	i	i, minor	i		i	i	True	i6	i6, minor		i6, minor		i	i	1		2	2	2	2	-1	D	F	D	D	minor triad	1	True	True	True	True	True	1	1	1	True	False	False
921	1	230.25	64	4	E	0	1.75	0	2	4	2	1	1/16	True	-1	55	119	53	53b	4	921/4	False	False					False	281		i6	d	i		i6	i		6			m	True	True	(-3, 1, 0)	()	0	-3	minor	minor	i	i, minor	i		i	i	True	i6	i6, minor		i6, minor		i	i	1		2	2	2	2	-1	D	F	D	D	minor triad	1	True	True	True	True	True	2	2	2	False	False	False
922	1	230.5	65	-1	F	0	2.0	2	2	4	2	1	1/16	True	-1	55	119	53	53b	4	461/2	False	False					False	281		i6	d	i		i6	i		6			m	True	True	(-3, 1, 0)	()	0	-3	minor	minor	i	i, minor	i		i	i	True	i6	i6, minor		i6, minor		i	i	1		2	2	2	2	-1	D	F	D	D	minor triad	1	True	True	True	True	True	-3	-3	-3	True	False	True
922	2	230.5	81	3	A	0	2.0	2	2	4	1	1	1/8	True	-1	55	119	53	53b	5	461/2	False	False					False	281		i6	d	i		i6	i		6			m	True	True	(-3, 1, 0)	()	0	-3	minor	minor	i	i, minor	i		i	i	True	i6	i6, minor		i6, minor		i	i	1		2	2	2	2	-1	D	F	D	D	minor triad	1	True	True	True	True	True	1	1	1	True	False	False
923	1	230.75	64	4	E	0	2.25	0	2	4	2	1	1/16	True	-1	55	119	53	53b	4	923/4	False	False					False	281		i6	d	i		i6	i		6			m	True	True	(-3, 1, 0)	()	0	-3	minor	minor	i	i, minor	i		i	i	True	i6	i6, minor		i6, minor		i	i	1		2	2	2	2	-1	D	F	D	D	minor triad	1	True	True	True	True	True	2	2	2	False	False	False
924	1	231.0	62	2	D	0	2.5	0	2	4	2	1	1/16	True	-1	55	119	53	53b	4	231	False	False					False	281		i6	d	i		i6	i		6			m	True	True	(-3, 1, 0)	()	0	-3	minor	minor	i	i, minor	i		i	i	True	i6	i6, minor		i6, minor		i	i	1		2	2	2	2	-1	D	F	D	D	minor triad	1	True	True	True	True	True	0	0	0	True	True	False
924	2	231.0	76	4	E	0	2.5	0	2	4	1	1	1/8	True	-1	55	119	53	53b	5	231	False	False					False	281		i6	d	i		i6	i		6			m	True	True	(-3, 1, 0)	()	0	-3	minor	minor	i	i, minor	i		i	i	True	i6	i6, minor		i6, minor		i	i	1		2	2	2	2	-1	D	F	D	D	minor triad	1	True	True	True	True	True	2	2	2	False	False	False
925	1	231.25	60	0	C	0	2.75	0	2	4	2	1	1/16	True	-1	55	119	53	53b	4	925/4	False	False					False	281		i6	d	i		i6	i		6			m	True	True	(-3, 1, 0)	()	0	-3	minor	minor	i	i, minor	i		i	i	True	i6	i6, minor		i6, minor		i	i	1		2	2	2	2	-1	D	F	D	D	minor triad	1	True	True	True	True	True	-2	-2	-2	False	False	False
926	2	231.5	59	5	B	0	1.0	1	2	4	2	1	1/8	True	-1	56	120	54	54b	3	463/2	False	True					False	282		#vi%7	d	i		#vi%7	#vi	%	7			%7	True	True	(3, 0, -3, 1)	()	3	3	minor	minor	i	i, minor	#vi		i	i	True	#vi%7	#vi%7, minor		#vi%7, minor		#vi	vi%7	#6		2	2	2	5	5	B	B	D	D	half-diminished seventh chord	7	True	True	True	True	True	3	3	3	True	True	True
926	2	231.5	74	2	D	0	1.0	1	2	4	1	1	1/8	True	-1	56	120	54	54b	5	463/2	False	True					False	282		#vi%7	d	i		#vi%7	#vi	%	7			%7	True	True	(3, 0, -3, 1)	()	3	3	minor	minor	i	i, minor	#vi		i	i	True	#vi%7	#vi%7, minor		#vi%7, minor		#vi	vi%7	#6		2	2	2	5	5	B	B	D	D	half-diminished seventh chord	7	True	True	True	True	True	0	0	0	True	False	False
928	1	232.0	64	4	E	0	1.5	0	2	4	2	1	1/16	True	-1	56	120	54	54b	4	232	False	True					False	283		iio	d	i		iio	ii	o				o	True	True	(2, -1, -4)	()	2	2	minor	minor	i	i, minor	ii		i	i	True	iio	iio, minor		iio, minor		ii	iio	2		2	2	2	4	4	E	E	D	D	diminished triad	0	True	True	True	True	True	2	2	2	True	True	True
928	2	232.0	79	1	G	0	1.5	0	2	4	1	1	1/8	True	-1	56	120	54	54b	5	232	False	True					False	283		iio	d	i		iio	ii	o				o	True	True	(2, -1, -4)	()	2	2	minor	minor	i	i, minor	ii		i	i	True	iio	iio, minor		iio, minor		ii	iio	2		2	2	2	4	4	E	E	D	D	diminished triad	0	True	True	True	True	True	-1	-1	-1	True	False	False
929	1	232.25	62	2	D	0	1.75	0	2	4	2	1	1/16	True	-1	56	120	54	54b	4	929/4	False	False					False	283		iio	d	i		iio	ii	o				o	True	True	(2, -1, -4)	()	2	2	minor	minor	i	i, minor	ii		i	i	True	iio	iio, minor		iio, minor		ii	iio	2		2	2	2	4	4	E	E	D	D	diminished triad	0	True	True	True	True	True	0	0	0	False	False	False
930	1	232.5	64	4	E	0	2.0	2	2	4	2	1	1/16	True	-1	56	120	54	54b	4	465/2	False	False					False	283		iio	d	i		iio	ii	o				o	True	True	(2, -1, -4)	()	2	2	minor	minor	i	i, minor	ii		i	i	True	iio	iio, minor		iio, minor		ii	iio	2		2	2	2	4	4	E	E	D	D	diminished triad	0	True	True	True	True	True	2	2	2	True	True	True
930	2	232.5	79	1	G	0	2.0	2	2	4	1	1	1/8	True	-1	56	120	54	54b	5	465/2	False	False					False	283		iio	d	i		iio	ii	o				o	True	True	(2, -1, -4)	()	2	2	minor	minor	i	i, minor	ii		i	i	True	iio	iio, minor		iio, minor		ii	iio	2		2	2	2	4	4	E	E	D	D	diminished triad	0	True	True	True	True	True	-1	-1	-1	True	False	False
931	1	232.75	62	2	D	0	2.25	0	2	4	2	1	1/16	True	-1	56	120	54	54b	4	931/4	False	False					False	283		iio	d	i		iio	ii	o				o	True	True	(2, -1, -4)	()	2	2	minor	minor	i	i, minor	ii		i	i	True	iio	iio, minor		iio, minor		ii	iio	2		2	2	2	4	4	E	E	D	D	diminished triad	0	True	True	True	True	True	0	0	0	False	False	False
932	1	233.0	61	7	C	1	2.5	0	2	4	2	1	1/16	True	-1	56	120	54	54b	4	233	False	True					False	284		V65	d	i		V65	V		65			Mm7	True	True	(5, 2, -1, 1)	()	1	5	minor	minor	i	i, minor	V		i	i	True	V65	V65, minor		V65, minor		V	V7	5		2	2	2	3	7	A	C#	D	D	dominant seventh chord	1	True	True	True	True	True	5	5	5	True	False	True
932	2	233.0	74	2	D	0	2.5	0	2	4	1	1	1/8	True	-1	56	120	54	54b	5	233	False	True					False	284		V65	d	i		V65	V		65			Mm7	True	True	(5, 2, -1, 1)	()	1	5	minor	minor	i	i, minor	V		i	i	True	V65	V65, minor		V65, minor		V	V7	5		2	2	2	3	7	A	C#	D	D	dominant seventh chord	1	True	True	True	True	True	0	0	0	False	False	False
933	1	233.25	59	5	B	0	2.75	0	2	4	2	1	1/16	True	-1	56	120	54	54b	3	933/4	False	False					False	284		V65	d	i		V65	V		65			Mm7	True	True	(5, 2, -1, 1)	()	1	5	minor	minor	i	i, minor	V		i	i	True	V65	V65, minor		V65, minor		V	V7	5		2	2	2	3	7	A	C#	D	D	dominant seventh chord	1	True	True	True	True	True	3	3	3	False	False	False
934	2	233.5	57	3	A	0	1.0	1	2	4	2	1	1/8	True	-1	57	121	55	55b	3	467/2	False	True					False	285		V7	d	i		V7	V		7			Mm7	True	True	(1, 5, 2, -1)	()	1	1	minor	minor	i	i, minor	V		i	i	True	V7	V7, minor		V7, minor		V	V7	5		2	2	2	3	3	A	A	D	D	dominant seventh chord	7	True	True	True	True	True	1	1	1	True	True	True
934	2	233.5	73	7	C	1	1.0	1	2	4	1	1	1/8	True	-1	57	121	55	55b	5	467/2	False	True					False	285		V7	d	i		V7	V		7			Mm7	True	True	(1, 5, 2, -1)	()	1	1	minor	minor	i	i, minor	V		i	i	True	V7	V7, minor		V7, minor		V	V7	5		2	2	2	3	3	A	A	D	D	dominant seventh chord	7	True	True	True	True	True	5	5	5	True	False	False
936	2	234.0	59	5	B	0	1.5	0	2	4	2	1	1/8	True	-1	57	121	55	55b	3	234	False	True					False	286		#vi%7	d	i		#vi%7	#vi	%	7			%7	True	True	(3, 0, -3, 1)	()	3	3	minor	minor	i	i, minor	#vi		i	i	True	#vi%7	#vi%7, minor		#vi%7, minor		#vi	vi%7	#6		2	2	2	5	5	B	B	D	D	half-diminished seventh chord	7	True	True	True	True	True	3	3	3	True	True	True
936	2	234.0	74	2	D	0	1.5	0	2	4	1	1	1/8	True	-1	57	121	55	55b	5	234	False	True					False	286		#vi%7	d	i		#vi%7	#vi	%	7			%7	True	True	(3, 0, -3, 1)	()	3	3	minor	minor	i	i, minor	#vi		i	i	True	#vi%7	#vi%7, minor		#vi%7, minor		#vi	vi%7	#6		2	2	2	5	5	B	B	D	D	half-diminished seventh chord	7	True	True	True	True	True	0	0	0	True	False	False
938	0	234.5	74	2	D	0	2.0	2	2	4	1	1	0	True	-1	57	121	55	55b	5	469/2	False	True					False	287		V65	d	i		V65	V		65			Mm7	True	True	(5, 2, -1, 1)	()	1	5	minor	minor	i	i, minor	V		i	i	True	V65	V65, minor		V65, minor		V	V7	5		2	2	2	3	7	A	C#	D	D	dominant seventh chord	1	True	True	True	True	True	0	0	0	False	False	False
938	2	234.5	61	7	C	1	2.0	2	2	4	2	1	1/8	True	-1	57	121	55	55b	4	469/2	False	True					False	287		V65	d	i		V65	V		65			Mm7	True	True	(5, 2, -1, 1)	()	1	5	minor	minor	i	i, minor	V		i	i	True	V65	V65, minor		V65, minor		V	V7	5		2	2	2	3	7	A	C#	D	D	dominant seventh chord	1	True	True	True	True	True	5	5	5	True	False	True
938	3	234.5	76	4	E	0	2.0	2	2	4	1	1	3/16	True	-1	57	121	55	55b	5	469/2	False	True					False	287		V65	d	i		V65	V		65			Mm7	True	True	(5, 2, -1, 1)	()	1	5	minor	minor	i	i, minor	V		i	i	True	V65	V65, minor		V65, minor		V	V7	5		2	2	2	3	7	A	C#	D	D	dominant seventh chord	1	True	True	True	True	True	2	2	2	True	False	False
940	2	235.0	62	2	D	0	2.5	0	2	4	2	1	1/8	True	-1	57	121	55	55b	4	235	False	False					False	287		V65	d	i		V65	V		65			Mm7	True	True	(5, 2, -1, 1)	()	1	5	minor	minor	i	i, minor	V		i	i	True	V65	V65, minor		V65, minor		V	V7	5		2	2	2	3	7	A	C#	D	D	dominant seventh chord	1	True	True	True	True	True	0	0	0	False	False	False
941	1	235.25	77	-1	F	0	2.75	0	2	4	1	1	1/16	True	-1	57	121	55	55b	5	941/4	False	True					False	288		i	d	i		i	i					m	True	True	(0, -3, 1)	()	0	0	minor	minor	i	i, minor	i		i	i	True	i	i, minor		i, minor		i	i	1		2	2	2	2	2	D	D	D	D	minor triad	0	True	True	True	True	True	-3	-3	-3	True	False	False
942	2	235.5	57	3	A	0	1.0	1	2	4	2	1	1/8	True	-1	58	122	56	56b	3	471/2	False	True	HC.SIM	HC	SIM	}	True	289		V|HC.SIM}	d	i		V	V					M	True	True	(1, 5, 2)	()	1	1	minor	minor	i	i, minor	V		i	i	True	V	V, minor		V, minor		V	V	5		2	2	2	3	3	A	A	D	D	major triad	0	True	True	True	True	True	1	1	1	True	True	True
942	2	235.5	76	4	E	0	1.0	1	2	4	1	1	1/8	True	-1	58	122	56	56b	5	471/2	False	True	HC.SIM	HC	SIM	}	True	289		V|HC.SIM}	d	i		V	V					M	True	True	(1, 5, 2)	()	1	1	minor	minor	i	i, minor	V		i	i	True	V	V, minor		V, minor		V	V	5		2	2	2	3	3	A	A	D	D	major triad	0	True	True	True	True	True	2	2	2	True	False	False
944	2	236.0	62	2	D	0	1.5	0	2	4	2	1	1/8	True	-1	58	122	56	56b	4	236	False	True				{	False	290		i{	d	i		i	i					m	True	True	(0, -3, 1)	()	0	0	minor	minor	i	i, minor	i		i	i	True	i	i, minor		i, minor		i	i	1		2	2	2	2	2	D	D	D	D	minor triad	0	True	True	True	True	True	0	0	0	True	True	True
944	1	236.0	77	-1	F	0	1.5	0	2	4	1	1	1/16	True	-1	58	122	56	56b	5	236	False	True				{	False	290		i{	d	i		i	i					m	True	True	(0, -3, 1)	()	0	0	minor	minor	i	i, minor	i		i	i	True	i	i, minor		i, minor		i	i	1		2	2	2	2	2	D	D	D	D	minor triad	0	True	True	True	True	True	-3	-3	-3	True	False	False
945	1	236.25	76	4	E	0	1.75	0	2	4	1	1	1/16	True	-1	58	122	56	56b	5	945/4	False	False					False	290		i{	d	i		i	i					m	True	True	(0, -3, 1)	()	0	0	minor	minor	i	i, minor	i		i	i	True	i	i, minor		i, minor		i	i	1		2	2	2	2	2	D	D	D	D	minor triad	0	True	True	True	True	True	2	2	2	False	False	False
946	2	236.5	62	2	D	0	2.0	2	2	4	2	1	1/8	True	-1	58	122	56	56b	4	473/2	False	False					False	290		i{	d	i		i	i					m	True	True	(0, -3, 1)	()	0	0	minor	minor	i	i, minor	i		i	i	True	i	i, minor		i, minor		i	i	1		2	2	2	2	2	D	D	D	D	minor triad	0	True	True	True	True	True	0	0	0	True	True	True
946	1	236.5	77	-1	F	0	2.0	2	2	4	1	1	1/16	True	-1	58	122	56	56b	5	473/2	False	False					False	290		i{	d	i		i	i					m	True	True	(0, -3, 1)	()	0	0	minor	minor	i	i, minor	i		i	i	True	i	i, minor		i, minor		i	i	1		2	2	2	2	2	D	D	D	D	minor triad	0	True	True	True	True	True	-3	-3	-3	True	False	False
947	1	236.75	76	4	E	0	2.25	0	2	4	1	1	1/16	True	-1	58	122	56	56b	5	947/4	False	False					False	290		i{	d	i		i	i					m	True	True	(0, -3, 1)	()	0	0	minor	minor	i	i, minor	i		i	i	True	i	i, minor		i, minor		i	i	1		2	2	2	2	2	D	D	D	D	minor triad	0	True	True	True	True	True	2	2	2	False	False	False
948	2	237.0	57	3	A	0	2.5	0	2	4	2	1	1/8	True	-1	58	122	56	56b	3	237	False	True					False	291		i64	d	i		i64	i		64			m	True	True	(1, 0, -3)	()	0	1	minor	minor	i	i, minor	i		i	i	True	i64	i64, minor		i64, minor		i	i	1		2	2	2	2	3	D	A	D	D	minor triad	2	True	True	True	True	True	1	1	1	True	False	True
948	1	237.0	74	2	D	0	2.5	0	2	4	1	1	1/16	True	-1	58	122	56	56b	5	237	False	True					False	291		i64	d	i		i64	i		64			m	True	True	(1, 0, -3)	()	0	1	minor	minor	i	i, minor	i		i	i	True	i64	i64, minor		i64, minor		i	i	1		2	2	2	2	3	D	A	D	D	minor triad	2	True	True	True	True	True	0	0	0	True	True	False
949	1	237.25	72	0	C	0	2.75	0	2	4	1	1	1/16	True	-1	58	122	56	56b	5	949/4	False	False					False	291		i64	d	i		i64	i		64			m	True	True	(1, 0, -3)	()	0	1	minor	minor	i	i, minor	i		i	i	True	i64	i64, minor		i64, minor		i	i	1		2	2	2	2	3	D	A	D	D	minor triad	2	True	True	True	True	True	-2	-2	-2	False	False	False
950	2	237.5	55	1	G	0	1.0	1	2	4	2	1	1/8	True	-1	59	123	57	57b	3	475/2	False	True					False	292		IV7	d	i		IV7	IV		7			Mm7	True	True	(-1, 3, 0, -3)	()	-1	-1	minor	minor	i	i, minor	IV		i	i	True	IV7	IV7, minor		IV7, minor		IV	IV7	4		2	2	2	1	1	G	G	D	D	dominant seventh chord	7	True	True	True	True	True	-1	-1	-1	True	True	True
950	2	237.5	71	5	B	0	1.0	1	2	4	1	1	1/8	True	-1	59	123	57	57b	4	475/2	False	True					False	292		IV7	d	i		IV7	IV		7			Mm7	True	True	(-1, 3, 0, -3)	()	-1	-1	minor	minor	i	i, minor	IV		i	i	True	IV7	IV7, minor		IV7, minor		IV	IV7	4		2	2	2	1	1	G	G	D	D	dominant seventh chord	7	True	True	True	True	True	3	3	3	True	False	False
952	2	238.0	61	7	C	1	1.5	0	2	4	2	1	1/8	True	-1	59	123	57	57b	4	238	False	True					False	293		V65	d	i		V65	V		65			Mm7	True	True	(5, 2, -1, 1)	()	1	5	minor	minor	i	i, minor	V		i	i	True	V65	V65, minor		V65, minor		V	V7	5		2	2	2	3	7	A	C#	D	D	dominant seventh chord	1	True	True	True	True	True	5	5	5	True	False	True
952	1	238.0	76	4	E	0	1.5	0	2	4	1	1	1/16	True	-1	59	123	57	57b	5	238	False	True					False	293		V65	d	i		V65	V		65			Mm7	True	True	(5, 2, -1, 1)	()	1	5	minor	minor	i	i, minor	V		i	i	True	V65	V65, minor		V65, minor		V	V7	5		2	2	2	3	7	A	C#	D	D	dominant seventh chord	1	True	True	True	True	True	2	2	2	True	False	False
953	1	238.25	74	2	D	0	1.75	0	2	4	1	1	1/16	True	-1	59	123	57	57b	5	953/4	False	False					False	293		V65	d	i		V65	V		65			Mm7	True	True	(5, 2, -1, 1)	()	1	5	minor	minor	i	i, minor	V		i	i	True	V65	V65, minor		V65, minor		V	V7	5		2	2	2	3	7	A	C#	D	D	dominant seventh chord	1	True	True	True	True	True	0	0	0	False	False	False
954	2	238.5	61	7	C	1	2.0	2	2	4	2	1	1/8	True	-1	59	123	57	57b	4	477/2	False	False					False	293		V65	d	i		V65	V		65			Mm7	True	True	(5, 2, -1, 1)	()	1	5	minor	minor	i	i, minor	V		i	i	True	V65	V65, minor		V65, minor		V	V7	5		2	2	2	3	7	A	C#	D	D	dominant seventh chord	1	True	True	True	True	True	5	5	5	True	False	True
954	1	238.5	76	4	E	0	2.0	2	2	4	1	1	1/16	True	-1	59	123	57	57b	5	477/2	False	False					False	293		V65	d	i		V65	V		65			Mm7	True	True	(5, 2, -1, 1)	()	1	5	minor	minor	i	i, minor	V		i	i	True	V65	V65, minor		V65, minor		V	V7	5		2	2	2	3	7	A	C#	D	D	dominant seventh chord	1	True	True	True	True	True	2	2	2	True	False	False
955	1	238.75	74	2	D	0	2.25	0	2	4	1	1	1/16	True	-1	59	123	57	57b	5	955/4	False	False					False	293		V65	d	i		V65	V		65			Mm7	True	True	(5, 2, -1, 1)	()	1	5	minor	minor	i	i, minor	V		i	i	True	V65	V65, minor		V65, minor		V	V7	5		2	2	2	3	7	A	C#	D	D	dominant seventh chord	1	True	True	True	True	True	0	0	0	False	False	False
956	2	239.0	55	1	G	0	2.5	0	2	4	2	1	1/8	True	-1	59	123	57	57b	3	239	False	True					False	294		V2	d	i		V2	V		2			Mm7	True	True	(-1, 1, 5, 2)	()	1	-1	minor	minor	i	i, minor	V		i	i	True	V2	V2, minor		V2, minor		V	V7	5		2	2	2	3	1	A	G	D	D	dominant seventh chord	3	True	True	True	True	True	-1	-1	-1	True	False	True
956	1	239.0	73	7	C	1	2.5	0	2	4	1	1	1/16	True	-1	59	123	57	57b	5	239	False	True					False	294		V2	d	i		V2	V		2			Mm7	True	True	(-1, 1, 5, 2)	()	1	-1	minor	minor	i	i, minor	V		i	i	True	V2	V2, minor		V2, minor		V	V7	5		2	2	2	3	1	A	G	D	D	dominant seventh chord	3	True	True	True	True	True	5	5	5	True	False	False
957	1	239.25	71	5	B	0	2.75	0	2	4	1	1	1/16	True	-1	59	123	57	57b	4	957/4	False	False					False	294		V2	d	i		V2	V		2			Mm7	True	True	(-1, 1, 5, 2)	()	1	-1	minor	minor	i	i, minor	V		i	i	True	V2	V2, minor		V2, minor		V	V7	5		2	2	2	3	1	A	G	D	D	dominant seventh chord	3	True	True	True	True	True	3	3	3	False	False	False
958	2	239.5	53	-1	F	0	1.0	1	2	4	2	1	1/8	True	-1	60	124	58	58b	3	479/2	False	True					False	295		i6	d	i		i6	i		6			m	True	True	(-3, 1, 0)	()	0	-3	minor	minor	i	i, minor	i		i	i	True	i6	i6, minor		i6, minor		i	i	1		2	2	2	2	-1	D	F	D	D	minor triad	1	True	True	True	True	True	-3	-3	-3	True	False	True
958	2	239.5	69	3	A	0	1.0	1	2	4	1	1	1/8	True	-1	60	124	58	58b	4	479/2	False	True					False	295		i6	d	i		i6	i		6			m	True	True	(-3, 1, 0)	()	0	-3	minor	minor	i	i, minor	i		i	i	True	i6	i6, minor		i6, minor		i	i	1		2	2	2	2	-1	D	F	D	D	minor triad	1	True	True	True	True	True	1	1	1	True	False	False
960	2	240.0	65	-1	F	0	1.5	0	2	4	2	1	1/8	True	-1	60	124	58	58b	4	240	False	False					False	295		i6	d	i		i6	i		6			m	True	True	(-3, 1, 0)	()	0	-3	minor	minor	i	i, minor	i		i	i	True	i6	i6, minor		i6, minor		i	i	1		2	2	2	2	-1	D	F	D	D	minor triad	1	True	True	True	True	True	-3	-3	-3	True	False	True
960	1	240.0	81	3	A	0	1.5	0	2	4	1	1	1/16	True	-1	60	124	58	58b	5	240	False	False					False	295		i6	d	i		i6	i		6			m	True	True	(-3, 1, 0)	()	0	-3	minor	minor	i	i, minor	i		i	i	True	i6	i6, minor		i6, minor		i	i	1		2	2	2	2	-1	D	F	D	D	minor triad	1	True	True	True	True	True	1	1	1	True	False	False
961	1	240.25	79	1	G	0	1.75	0	2	4	1	1	1/16	True	-1	60	124	58	58b	5	961/4	False	False					False	295		i6	d	i		i6	i		6			m	True	True	(-3, 1, 0)	()	0	-3	minor	minor	i	i, minor	i		i	i	True	i6	i6, minor		i6, minor		i	i	1		2	2	2	2	-1	D	F	D	D	minor triad	1	True	True	True	True	True	-1	-1	-1	False	False	False
962	2	240.5	65	-1	F	0	2.0	2	2	4	2	1	1/8	True	-1	60	124	58	58b	4	481/2	False	False					False	295		i6	d	i		i6	i		6			m	True	True	(-3, 1, 0)	()	0	-3	minor	minor	i	i, minor	i		i	i	True	i6	i6, minor		i6, minor		i	i	1		2	2	2	2	-1	D	F	D	D	minor triad	1	True	True	True	True	True	-3	-3	-3	True	False	True
962	1	240.5	81	3	A	0	2.0	2	2	4	1	1	1/16	True	-1	60	124	58	58b	5	481/2	False	False					False	295		i6	d	i		i6	i		6			m	True	True	(-3, 1, 0)	()	0	-3	minor	minor	i	i, minor	i		i	i	True	i6	i6, minor		i6, minor		i	i	1		2	2	2	2	-1	D	F	D	D	minor triad	1	True	True	True	True	True	1	1	1	True	False	False
963	1	240.75	79	1	G	0	2.25	0	2	4	1	1	1/16	True	-1	60	124	58	58b	5	963/4	False	False					False	295		i6	d	i		i6	i		6			m	True	True	(-3, 1, 0)	()	0	-3	minor	minor	i	i, minor	i		i	i	True	i6	i6, minor		i6, minor		i	i	1		2	2	2	2	-1	D	F	D	D	minor triad	1	True	True	True	True	True	-1	-1	-1	False	False	False
964	2	241.0	60	0	C	0	2.5	0	2	4	2	1	1/8	True	-1	60	124	58	58b	4	241	False	False					False	295		i6	d	i		i6	i		6			m	True	True	(-3, 1, 0)	()	0	-3	minor	minor	i	i, minor	i		i	i	True	i6	i6, minor		i6, minor		i	i	1		2	2	2	2	-1	D	F	D	D	minor triad	1	True	True	True	True	True	-2	-2	-2	False	False	False
964	1	241.0	77	-1	F	0	2.5	0	2	4	1	1	1/16	True	-1	60	124	58	58b	5	241	False	False					False	295		i6	d	i		i6	i		6			m	True	True	(-3, 1, 0)	()	0	-3	minor	minor	i	i, minor	i		i	i	True	i6	i6, minor		i6, minor		i	i	1		2	2	2	2	-1	D	F	D	D	minor triad	1	True	True	True	True	True	-3	-3	-3	True	False	True
965	1	241.25	76	4	E	0	2.75	0	2	4	1	1	1/16	True	-1	60	124	58	58b	5	965/4	False	False					False	295		i6	d	i		i6	i		6			m	True	True	(-3, 1, 0)	()	0	-3	minor	minor	i	i, minor	i		i	i	True	i6	i6, minor		i6, minor		i	i	1		2	2	2	2	-1	D	F	D	D	minor triad	1	True	True	True	True	True	2	2	2	False	False	False
966	2	241.5	59	5	B	0	1.0	1	2	4	2	1	1/8	True	-1	61	125	59	59b	3	483/2	False	True					False	296		#vi%7	d	i		#vi%7	#vi	%	7			%7	True	True	(3, 0, -3, 1)	()	3	3	minor	minor	i	i, minor	#vi		i	i	True	#vi%7	#vi%7, minor		#vi%7, minor		#vi	vi%7	#6		2	2	2	5	5	B	B	D	D	half-diminished seventh chord	7	True	True	True	True	True	3	3	3	True	True	True
966	2	241.5	74	2	D	0	1.0	1	2	4	1	1	1/8	True	-1	61	125	59	59b	5	483/2	False	True					False	296		#vi%7	d	i		#vi%7	#vi	%	7			%7	True	True	(3, 0, -3, 1)	()	3	3	minor	minor	i	i, minor	#vi		i	i	True	#vi%7	#vi%7, minor		#vi%7, minor		#vi	vi%7	#6		2	2	2	5	5	B	B	D	D	half-diminished seventh chord	7	True	True	True	True	True	0	0	0	True	False	False
968	2	242.0	64	4	E	0	1.5	0	2	4	2	1	1/8	True	-1	61	125	59	59b	4	242	False	True					False	297		iio	d	i		iio	ii	o				o	True	True	(2, -1, -4)	()	2	2	minor	minor	i	i, minor	ii		i	i	True	iio	iio, minor		iio, minor		ii	iio	2		2	2	2	4	4	E	E	D	D	diminished triad	0	True	True	True	True	True	2	2	2	True	True	True
968	1	242.0	79	1	G	0	1.5	0	2	4	1	1	1/16	True	-1	61	125	59	59b	5	242	False	True					False	297		iio	d	i		iio	ii	o				o	True	True	(2, -1, -4)	()	2	2	minor	minor	i	i, minor	ii		i	i	True	iio	iio, minor		iio, minor		ii	iio	2		2	2	2	4	4	E	E	D	D	diminished triad	0	True	True	True	True	True	-1	-1	-1	True	False	False
969	1	242.25	77	-1	F	0	1.75	0	2	4	1	1	1/16	True	-1	61	125	59	59b	5	969/4	False	False					False	297		iio	d	i		iio	ii	o				o	True	True	(2, -1, -4)	()	2	2	minor	minor	i	i, minor	ii		i	i	True	iio	iio, minor		iio, minor		ii	iio	2		2	2	2	4	4	E	E	D	D	diminished triad	0	True	True	True	True	True	-3	-3	-3	False	False	False
970	2	242.5	64	4	E	0	2.0	2	2	4	2	1	1/8	True	-1	61	125	59	59b	4	485/2	False	False					False	297		iio	d	i		iio	ii	o				o	True	True	(2, -1, -4)	()	2	2	minor	minor	i	i, minor	ii		i	i	True	iio	iio, minor		iio, minor		ii	iio	2		2	2	2	4	4	E	E	D	D	diminished triad	0	True	True	True	True	True	2	2	2	True	True	True
970	1	242.5	79	1	G	0	2.0	2	2	4	1	1	1/16	True	-1	61	125	59	59b	5	485/2	False	False					False	297		iio	d	i		iio	ii	o				o	True	True	(2, -1, -4)	()	2	2	minor	minor	i	i, minor	ii		i	i	True	iio	iio, minor		iio, minor		ii	iio	2		2	2	2	4	4	E	E	D	D	diminished triad	0	True	True	True	True	True	-1	-1	-1	True	False	False
971	1	242.75	77	-1	F	0	2.25	0	2	4	1	1	1/16	True	-1	61	125	59	59b	5	971/4	False	False					False	297		iio	d	i		iio	ii	o				o	True	True	(2, -1, -4)	()	2	2	minor	minor	i	i, minor	ii		i	i	True	iio	iio, minor		iio, minor		ii	iio	2		2	2	2	4	4	E	E	D	D	diminished triad	0	True	True	True	True	True	-3	-3	-3	False	False	False
972	2	243.0	58	-2	B	-1	2.5	0	2	4	2	1	1/8	True	-1	61	125	59	59b	3	243	False	True					False	298		ii%43	d	i		ii%43	ii	%	43			%7	True	True	(-4, 0, 2, -1)	()	2	-4	minor	minor	i	i, minor	ii		i	i	True	ii%43	ii%43, minor		ii%43, minor		ii	ii%7	2		2	2	2	4	-2	E	Bb	D	D	half-diminished seventh chord	2	True	True	True	True	True	-4	-4	-4	True	False	True
972	1	243.0	76	4	E	0	2.5	0	2	4	1	1	1/16	True	-1	61	125	59	59b	5	243	False	True					False	298		ii%43	d	i		ii%43	ii	%	43			%7	True	True	(-4, 0, 2, -1)	()	2	-4	minor	minor	i	i, minor	ii		i	i	True	ii%43	ii%43, minor		ii%43, minor		ii	ii%7	2		2	2	2	4	-2	E	Bb	D	D	half-diminished seventh chord	2	True	True	True	True	True	2	2	2	True	True	False
973	1	243.25	74	2	D	0	2.75	0	2	4	1	1	1/16	True	-1	61	125	59	59b	5	973/4	False	False					False	298		ii%43	d	i		ii%43	ii	%	43			%7	True	True	(-4, 0, 2, -1)	()	2	-4	minor	minor	i	i, minor	ii		i	i	True	ii%43	ii%43, minor		ii%43, minor		ii	ii%7	2		2	2	2	4	-2	E	Bb	D	D	half-diminished seventh chord	2	True	True	True	True	True	0	0	0	True	False	False
974	1	243.5	57	3	A	0	1.0	1	2	4	2	1	1/16	True	-1	62	126	60	60b	3	487/2	False	True					False	299		V	d	i		V	V					M	True	True	(1, 5, 2)	()	1	1	minor	minor	i	i, minor	V		i	i	True	V	V, minor		V, minor		V	V	5		2	2	2	3	3	A	A	D	D	major triad	0	True	True	True	True	True	1	1	1	True	True	True
974	1	243.5	73	7	C	1	1.0	1	2	4	1	1	1/16	True	-1	62	126	60	60b	5	487/2	False	True					False	299		V	d	i		V	V					M	True	True	(1, 5, 2)	()	1	1	minor	minor	i	i, minor	V		i	i	True	V	V, minor		V, minor		V	V	5		2	2	2	3	3	A	A	D	D	major triad	0	True	True	True	True	True	5	5	5	True	False	False
975	1	243.75	58	-2	B	-1	1.25	0	2	4	2	1	1/16	True	-1	62	126	60	60b	3	975/4	False	False					False	299		V	d	i		V	V					M	True	True	(1, 5, 2)	()	1	1	minor	minor	i	i, minor	V		i	i	True	V	V, minor		V, minor		V	V	5		2	2	2	3	3	A	A	D	D	major triad	0	True	True	True	True	True	-4	-4	-4	False	False	False
975	1	243.75	76	4	E	0	1.25	0	2	4	1	1	1/16	True	-1	62	126	60	60b	5	975/4	False	False					False	299		V	d	i		V	V					M	True	True	(1, 5, 2)	()	1	1	minor	minor	i	i, minor	V		i	i	True	V	V, minor		V, minor		V	V	5		2	2	2	3	3	A	A	D	D	major triad	0	True	True	True	True	True	2	2	2	True	False	False
976	1	244.0	57	3	A	0	1.5	0	2	4	2	1	1/16	True	-1	62	126	60	60b	3	244	False	False					False	299		V	d	i		V	V					M	True	True	(1, 5, 2)	()	1	1	minor	minor	i	i, minor	V		i	i	True	V	V, minor		V, minor		V	V	5		2	2	2	3	3	A	A	D	D	major triad	0	True	True	True	True	True	1	1	1	True	True	True
976	1	244.0	77	-1	F	0	1.5	0	2	4	1	1	1/16	True	-1	62	126	60	60b	5	244	False	False					False	299		V	d	i		V	V					M	True	True	(1, 5, 2)	()	1	1	minor	minor	i	i, minor	V		i	i	True	V	V, minor		V, minor		V	V	5		2	2	2	3	3	A	A	D	D	major triad	0	True	True	True	True	True	-3	-3	-3	False	False	False
977	1	244.25	55	1	G	0	1.75	0	2	4	2	1	1/16	True	-1	62	126	60	60b	3	977/4	False	False					False	299		V	d	i		V	V					M	True	True	(1, 5, 2)	()	1	1	minor	minor	i	i, minor	V		i	i	True	V	V, minor		V, minor		V	V	5		2	2	2	3	3	A	A	D	D	major triad	0	True	True	True	True	True	-1	-1	-1	False	False	False
977	1	244.25	79	1	G	0	1.75	0	2	4	1	1	1/16	True	-1	62	126	60	60b	5	977/4	False	False					False	299		V	d	i		V	V					M	True	True	(1, 5, 2)	()	1	1	minor	minor	i	i, minor	V		i	i	True	V	V, minor		V, minor		V	V	5		2	2	2	3	3	A	A	D	D	major triad	0	True	True	True	True	True	-1	-1	-1	False	False	False
978	1	244.5	53	-1	F	0	2.0	2	2	4	2	1	1/16	True	-1	62	126	60	60b	3	489/2	False	True					False	300		i6	d	i		i6	i		6			m	True	True	(-3, 1, 0)	()	0	-3	minor	minor	i	i, minor	i		i	i	True	i6	i6, minor		i6, minor		i	i	1		2	2	2	2	-1	D	F	D	D	minor triad	1	True	True	True	True	True	-3	-3	-3	True	False	True
978	1	244.5	81	3	A	0	2.0	2	2	4	1	1	1/16	True	-1	62	126	60	60b	5	489/2	False	True					False	300		i6	d	i		i6	i		6			m	True	True	(-3, 1, 0)	()	0	-3	minor	minor	i	i, minor	i		i	i	True	i6	i6, minor		i6, minor		i	i	1		2	2	2	2	-1	D	F	D	D	minor triad	1	True	True	True	True	True	1	1	1	True	False	False
979	1	244.75	55	1	G	0	2.25	0	2	4	2	1	1/16	True	-1	62	126	60	60b	3	979/4	False	False					False	300		i6	d	i		i6	i		6			m	True	True	(-3, 1, 0)	()	0	-3	minor	minor	i	i, minor	i		i	i	True	i6	i6, minor		i6, minor		i	i	1		2	2	2	2	-1	D	F	D	D	minor triad	1	True	True	True	True	True	-1	-1	-1	False	False	False
979	1	244.75	69	3	A	0	2.25	0	2	4	1	1	1/16	True	-1	62	126	60	60b	4	979/4	False	False					False	300		i6	d	i		i6	i		6			m	True	True	(-3, 1, 0)	()	0	-3	minor	minor	i	i, minor	i		i	i	True	i6	i6, minor		i6, minor		i	i	1		2	2	2	2	-1	D	F	D	D	minor triad	1	True	True	True	True	True	1	1	1	True	False	False
980	1	245.0	53	-1	F	0	2.5	0	2	4	2	1	1/16	True	-1	62	126	60	60b	3	245	False	False					False	300		i6	d	i		i6	i		6			m	True	True	(-3, 1, 0)	()	0	-3	minor	minor	i	i, minor	i		i	i	True	i6	i6, minor		i6, minor		i	i	1		2	2	2	2	-1	D	F	D	D	minor triad	1	True	True	True	True	True	-3	-3	-3	True	False	True
980	1	245.0	71	5	B	0	2.5	0	2	4	1	1	1/16	True	-1	62	126	60	60b	4	245	False	False					False	300		i6	d	i		i6	i		6			m	True	True	(-3, 1, 0)	()	0	-3	minor	minor	i	i, minor	i		i	i	True	i6	i6, minor		i6, minor		i	i	1		2	2	2	2	-1	D	F	D	D	minor triad	1	True	True	True	True	True	3	3	3	False	False	False
981	1	245.25	52	4	E	0	2.75	0	2	4	2	1	1/16	True	-1	62	126	60	60b	3	981/4	False	False					False	300		i6	d	i		i6	i		6			m	True	True	(-3, 1, 0)	()	0	-3	minor	minor	i	i, minor	i		i	i	True	i6	i6, minor		i6, minor		i	i	1		2	2	2	2	-1	D	F	D	D	minor triad	1	True	True	True	True	True	2	2	2	False	False	False
981	1	245.25	73	7	C	1	2.75	0	2	4	1	1	1/16	True	-1	62	126	60	60b	5	981/4	False	False					False	300		i6	d	i		i6	i		6			m	True	True	(-3, 1, 0)	()	0	-3	minor	minor	i	i, minor	i		i	i	True	i6	i6, minor		i6, minor		i	i	1		2	2	2	2	-1	D	F	D	D	minor triad	1	True	True	True	True	True	5	5	5	False	False	False
982	0	245.5	73	7	C	1	1.0	1	2	4	1	1	0	True	-1	63	127	61	61b	5	491/2	False	True					False	301		i	d	i		i	i					m	True	True	(0, -3, 1)	()	0	0	minor	minor	i	i, minor	i		i	i	True	i	i, minor		i, minor		i	i	1		2	2	2	2	2	D	D	D	D	minor triad	0	True	True	True	True	True	5	5	5	False	False	False
982	2	245.5	50	2	D	0	1.0	1	2	4	2	1	1/8	True	-1	63	127	61	61b	3	491/2	False	True					False	301		i	d	i		i	i					m	True	True	(0, -3, 1)	()	0	0	minor	minor	i	i, minor	i		i	i	True	i	i, minor		i, minor		i	i	1		2	2	2	2	2	D	D	D	D	minor triad	0	True	True	True	True	True	0	0	0	True	True	True
982	3	245.5	74	2	D	0	1.0	1	2	4	1	1	3/16	True	-1	63	127	61	61b	5	491/2	False	True					False	301		i	d	i		i	i					m	True	True	(0, -3, 1)	()	0	0	minor	minor	i	i, minor	i		i	i	True	i	i, minor		i, minor		i	i	1		2	2	2	2	2	D	D	D	D	minor triad	0	True	True	True	True	True	0	0	0	True	True	True
984	2	246.0	55	1	G	0	1.5	0	2	4	2	1	1/8	True	-1	63	127	61	61b	3	246	False	False					False	301		i	d	i		i	i					m	True	True	(0, -3, 1)	()	0	0	minor	minor	i	i, minor	i		i	i	True	i	i, minor		i, minor		i	i	1		2	2	2	2	2	D	D	D	D	minor triad	0	True	True	True	True	True	-1	-1	-1	False	False	False
985	1	246.25	76	4	E	0	1.75	0	2	4	1	1	1/16	True	-1	63	127	61	61b	5	985/4	False	True					False	302		ii%65	d	i		ii%65	ii	%	65			%7	True	True	(-1, -4, 0, 2)	()	2	-1	minor	minor	i	i, minor	ii		i	i	True	ii%65	ii%65, minor		ii%65, minor		ii	ii%7	2		2	2	2	4	1	E	G	D	D	half-diminished seventh chord	1	True	True	True	True	True	2	2	2	True	True	False
986	2	246.5	57	3	A	0	2.0	2	2	4	2	1	1/8	True	-1	63	127	61	61b	3	493/2	False	True					False	303		V	d	i		V	V					M	True	True	(1, 5, 2)	()	1	1	minor	minor	i	i, minor	V		i	i	True	V	V, minor		V, minor		V	V	5		2	2	2	3	3	A	A	D	D	major triad	0	True	True	True	True	True	1	1	1	True	True	True
986	3	246.5	76	4	E	0	2.0	2	2	4	1	1	3/16	True	-1	63	127	61	61b	5	493/2	False	True					False	303		V	d	i		V	V					M	True	True	(1, 5, 2)	()	1	1	minor	minor	i	i, minor	V		i	i	True	V	V, minor		V, minor		V	V	5		2	2	2	3	3	A	A	D	D	major triad	0	True	True	True	True	True	2	2	2	True	False	False
988	2	247.0	45	3	A	0	2.5	0	2	4	2	1	1/8	True	-1	63	127	61	61b	2	247	False	False					False	303		V	d	i		V	V					M	True	True	(1, 5, 2)	()	1	1	minor	minor	i	i, minor	V		i	i	True	V	V, minor		V, minor		V	V	5		2	2	2	3	3	A	A	D	D	major triad	0	True	True	True	True	True	1	1	1	True	True	True
989	1	247.25	74	2	D	0	2.75	0	2	4	1	1	1/16	True	-1	63	127	61	61b	5	989/4	False	True					False	304		V7	d	i		V7	V		7			Mm7	True	True	(1, 5, 2, -1)	()	1	1	minor	minor	i	i, minor	V		i	i	True	V7	V7, minor		V7, minor		V	V7	5		2	2	2	3	3	A	A	D	D	dominant seventh chord	7	True	True	True	True	True	0	0	0	False	False	False
990	8	247.5	50	2	D	0	1.0	1	2	4	2	1	1/2	True	-1	65	128	62	62b	3	495/2	False	True	PAC	PAC		}	True	305	2	i|PAC}	d	i		i	i					m	True	True	(0, -3, 1)	()	0	0	minor	minor	i	i, minor	i		i	i	True	i	i, minor		i, minor		i	i	1		2	2	2	2	2	D	D	D	D	minor triad	0	True	True	True	True	True	0	0	0	True	True	True
990	8	247.5	65	-1	F	0	1.0	1	2	4	1	1	1/2	True	-1	65	128	62	62b	4	495/2	False	True	PAC	PAC		}	True	305	2	i|PAC}	d	i		i	i					m	True	True	(0, -3, 1)	()	0	0	minor	minor	i	i, minor	i		i	i	True	i	i, minor		i, minor		i	i	1		2	2	2	2	2	D	D	D	D	minor triad	0	True	True	True	True	True	-3	-3	-3	True	False	False
990	8	247.5	69	3	A	0	1.0	1	2	4	1	1	1/2	True	-1	65	128	62	62b	4	495/2	False	True	PAC	PAC		}	True	305	2	i|PAC}	d	i		i	i					m	True	True	(0, -3, 1)	()	0	0	minor	minor	i	i, minor	i		i	i	True	i	i, minor		i, minor		i	i	1		2	2	2	2	2	D	D	D	D	minor triad	0	True	True	True	True	True	1	1	1	True	False	False
990	8	247.5	74	2	D	0	1.0	1	2	4	1	1	1/2	True	-1	65	128	62	62b	5	495/2	False	True	PAC	PAC		}	True	305	2	i|PAC}	d	i		i	i					m	True	True	(0, -3, 1)	()	0	0	minor	minor	i	i, minor	i		i	i	True	i	i, minor		i, minor		i	i	1		2	2	2	2	2	D	D	D	D	minor triad	0	True	True	True	True	True	0	0	0	True	True	True
